0.000000000000000000e+00
-0.000000000000000000e+00
-1.678954630129933165e-02
0.000000000000000000e+00
1.198024034822576731e-02
-0.000000000000000000e+00
-5.737282651703384112e-02
-0.000000000000000000e+00
0.000000000000000000e+00
0.000000000000000000e+00
-5.128301898551839572e-02
-0.000000000000000000e+00
-0.000000000000000000e+00
0.000000000000000000e+00
2.820043521594862712e-01
0.000000000000000000e+00
2.335594632215267641e-01
-0.000000000000000000e+00
2.734887330325875762e-02
1.935423690642007477e-01
0.000000000000000000e+00
-0.000000000000000000e+00
0.000000000000000000e+00
1.020451842063324344e-01
-0.000000000000000000e+00
0.000000000000000000e+00
-0.000000000000000000e+00
-0.000000000000000000e+00
0.000000000000000000e+00
2.435042197746800363e-01
-0.000000000000000000e+00
-2.459372383188091205e-01
-0.000000000000000000e+00
-0.000000000000000000e+00
0.000000000000000000e+00
2.911793522818519886e-01
0.000000000000000000e+00
0.000000000000000000e+00
-0.000000000000000000e+00
-0.000000000000000000e+00
0.000000000000000000e+00
-0.000000000000000000e+00
0.000000000000000000e+00
-0.000000000000000000e+00
-0.000000000000000000e+00
0.000000000000000000e+00
-0.000000000000000000e+00
-1.794452549721015644e-01
0.000000000000000000e+00
-0.000000000000000000e+00
-0.000000000000000000e+00
0.000000000000000000e+00
-0.000000000000000000e+00
0.000000000000000000e+00
-0.000000000000000000e+00
0.000000000000000000e+00
-0.000000000000000000e+00
0.000000000000000000e+00
2.350993554834247545e-01
4.945560837519691333e-01
0.000000000000000000e+00
-0.000000000000000000e+00
0.000000000000000000e+00
0.000000000000000000e+00
0.000000000000000000e+00
-0.000000000000000000e+00
-0.000000000000000000e+00
1.889216535747336723e-01
0.000000000000000000e+00
3.615903344580241874e-01
-0.000000000000000000e+00
9.342016120124378709e-02
0.000000000000000000e+00
0.000000000000000000e+00
-0.000000000000000000e+00
0.000000000000000000e+00
-1.326929654043990936e-01
-0.000000000000000000e+00
0.000000000000000000e+00
-0.000000000000000000e+00
0.000000000000000000e+00
-0.000000000000000000e+00
0.000000000000000000e+00
-0.000000000000000000e+00
0.000000000000000000e+00
0.000000000000000000e+00
-0.000000000000000000e+00
-0.000000000000000000e+00
-1.975177325228002212e-01
-5.373920712274556089e-02
-0.000000000000000000e+00
-0.000000000000000000e+00
0.000000000000000000e+00
0.000000000000000000e+00
0.000000000000000000e+00
0.000000000000000000e+00
-0.000000000000000000e+00
0.000000000000000000e+00
0.000000000000000000e+00
-0.000000000000000000e+00
0.000000000000000000e+00
-0.000000000000000000e+00
0.000000000000000000e+00
2.821206049075856703e-01
-3.496900582024171089e-01
-1.465430280386832429e-01
-2.372317710123111184e-02
0.000000000000000000e+00
-0.000000000000000000e+00
0.000000000000000000e+00
-1.924617076114839287e-01
-0.000000000000000000e+00
-0.000000000000000000e+00
-0.000000000000000000e+00
0.000000000000000000e+00
-0.000000000000000000e+00
0.000000000000000000e+00
-0.000000000000000000e+00
0.000000000000000000e+00
0.000000000000000000e+00
0.000000000000000000e+00
0.000000000000000000e+00
0.000000000000000000e+00
-0.000000000000000000e+00
-0.000000000000000000e+00
-0.000000000000000000e+00
-0.000000000000000000e+00
-1.337916151008868848e-01
-0.000000000000000000e+00
-0.000000000000000000e+00
-0.000000000000000000e+00
1.762738719106251850e-01
-0.000000000000000000e+00
0.000000000000000000e+00
0.000000000000000000e+00
0.000000000000000000e+00
-1.844184293629233806e-01
0.000000000000000000e+00
-0.000000000000000000e+00
0.000000000000000000e+00
0.000000000000000000e+00
0.000000000000000000e+00
-0.000000000000000000e+00
1.662930523718602061e-01
-0.000000000000000000e+00
-0.000000000000000000e+00
1.931838842035832685e-02
0.000000000000000000e+00
-0.000000000000000000e+00
3.200934381054986733e-01
-0.000000000000000000e+00
-0.000000000000000000e+00
3.452485911821083411e-03
0.000000000000000000e+00
-0.000000000000000000e+00
-0.000000000000000000e+00
0.000000000000000000e+00
-0.000000000000000000e+00
0.000000000000000000e+00
-0.000000000000000000e+00
0.000000000000000000e+00
-0.000000000000000000e+00
0.000000000000000000e+00
-0.000000000000000000e+00
-1.210658215230469570e-01
0.000000000000000000e+00
0.000000000000000000e+00
4.291849608066691801e-01
0.000000000000000000e+00
-0.000000000000000000e+00
-0.000000000000000000e+00
-0.000000000000000000e+00
-0.000000000000000000e+00
0.000000000000000000e+00
1.744352626309269017e-01
1.439618122147175994e-01
0.000000000000000000e+00
-4.662564075356819687e-02
1.743126815725433432e-01
-6.457753864916036465e-03
0.000000000000000000e+00
2.736366108631633209e-01
-1.540397464481889078e-01
0.000000000000000000e+00
-0.000000000000000000e+00
-1.217758865417478131e-01
0.000000000000000000e+00
-0.000000000000000000e+00
-2.345454066973741425e-01
-0.000000000000000000e+00
-3.239575397210978647e-01
0.000000000000000000e+00
0.000000000000000000e+00
0.000000000000000000e+00
-1.143488348307175884e-01
-0.000000000000000000e+00
0.000000000000000000e+00
-0.000000000000000000e+00
-0.000000000000000000e+00
-3.843350586899894061e-01
-0.000000000000000000e+00
-0.000000000000000000e+00
0.000000000000000000e+00
0.000000000000000000e+00
-0.000000000000000000e+00
-0.000000000000000000e+00
0.000000000000000000e+00
0.000000000000000000e+00
-1.403185794364842087e-01
-0.000000000000000000e+00
-0.000000000000000000e+00
-3.648758219579782414e-01
3.999748882346868539e-01
-0.000000000000000000e+00
8.005339621449794607e-02
-6.865345312872975225e-02
2.012886246910993993e-01
0.000000000000000000e+00
-0.000000000000000000e+00
-0.000000000000000000e+00
-0.000000000000000000e+00
0.000000000000000000e+00
-0.000000000000000000e+00
-1.974096775165974926e-01
0.000000000000000000e+00
2.081298883699058133e-01
0.000000000000000000e+00
0.000000000000000000e+00
6.192165602656298645e-02
-0.000000000000000000e+00
-1.702615500245744859e-02
0.000000000000000000e+00
-1.090667473382106734e-01
-0.000000000000000000e+00
-0.000000000000000000e+00
0.000000000000000000e+00
-0.000000000000000000e+00
-0.000000000000000000e+00
-0.000000000000000000e+00
-0.000000000000000000e+00
0.000000000000000000e+00
0.000000000000000000e+00
3.982305423466889205e-02
0.000000000000000000e+00
0.000000000000000000e+00
-0.000000000000000000e+00
0.000000000000000000e+00
0.000000000000000000e+00
3.630467977608382024e-01
-0.000000000000000000e+00
-2.897597429188724649e-01
0.000000000000000000e+00
0.000000000000000000e+00
0.000000000000000000e+00
-0.000000000000000000e+00
-0.000000000000000000e+00
-3.509477663812965963e-03
0.000000000000000000e+00
0.000000000000000000e+00
0.000000000000000000e+00
-0.000000000000000000e+00
-0.000000000000000000e+00
0.000000000000000000e+00
1.524500146250067356e-01
-1.208657827399108459e-01
