-8.047904764310707115e-01
-1.134569536366556441e-01
-9.954754495484872123e-01
2.635649405183482230e-01
4.286610604313692008e-01
-7.111836147181012091e-01
-3.254460837110213500e-01
-2.657209245603662229e-01
6.293198061594214021e-01
-6.823693896192506436e-01
7.962675030178274493e-01
-5.214980560572164414e-01
-8.348701876598108029e-01
5.548009674535412383e-01
-7.840677704539795734e-01
6.492324749177076360e-01
7.627450062393363872e-01
7.779150083807215843e-01
2.715396479701135402e-01
8.610201165609137064e-01
-3.878380366735745266e-01
3.144251014322481108e-01
-9.143650006509784767e-02
-4.222905695231875534e-01
-1.295186174811833180e-01
-5.010669346376477318e-01
-4.456729837583377485e-01
-4.673955443129653720e-01
1.583798130831415296e-01
-5.060924620281368469e-01
9.942882032453121965e-01
2.834282657847071452e-01
7.861722014134644443e-01
-3.712697684350134697e-01
-1.726656268239250558e-01
4.547307247798388907e-01
7.054930067269458149e-01
-5.248082940661071838e-01
8.378871801701821553e-01
8.052922084311235906e-01
9.878331906003676721e-01
3.506476251203811678e-01
7.321952768717450155e-01
5.276977351751552803e-01
6.760323601570890073e-01
4.224351100840810780e-01
-4.470238356687123993e-01
-2.310383502015023183e-02
-3.227381805913802637e-01
-6.094961587069069875e-01
-3.422406488984046646e-01
-2.334793781340098739e-01
-7.079767769418565670e-02
5.653874997612720055e-01
3.735638666113423323e-01
1.903219001338927185e-01
-9.707801515840208673e-01
3.730636593483604990e-01
3.774420686943080749e-01
2.992700257171487799e-01
9.272093930470060030e-02
4.851265543350467002e-01
9.291076510835680757e-01
-1.814910453869220675e-01
5.418901048705846435e-01
-3.356135425130739591e-01
-4.885803222769262710e-01
-2.085916324787511211e-01
-6.674469188312923684e-01
-1.700579703219884387e-02
5.279304221883593939e-01
-3.505819894721287078e-01
-7.589769807089188358e-01
9.959125105312462978e-01
2.952959983934064780e-01
1.637236585410370981e-01
-5.929644861201279760e-01
-1.903037667063898208e-01
-6.898927307738631498e-01
1.509288337841030447e-01
9.678414205707890350e-01
-6.434129364691023589e-01
8.547347891168637357e-01
3.343447872611937655e-01
-6.261396958074305630e-01
-4.901520442954097057e-01
-1.237306009543417407e-01
-1.401162936132669401e-01
-9.388089558217016517e-03
2.890903650813407832e-01
-2.611041178805935115e-01
1.263764931581206064e-01
-8.558440155847812925e-02
-5.370078997411993349e-01
-2.170957517239269219e-01
-7.204889299129495495e-01
-2.426489731726546584e-01
4.886518023666621691e-01
-5.648931045060521239e-01
-3.967292801200732466e-01
1.331000721599979730e-01
5.222132583433547470e-01
-7.721930154851421868e-01
-1.592717202523759035e-01
-2.938857819288407391e-01
4.640251085311255519e-01
-6.112127396630764320e-01
7.334451750841335382e-01
7.816771134908415686e-01
1.491901098429997408e-01
9.433330605267544744e-01
-3.494637183393787261e-01
-3.938620680846272037e-02
2.054350775618534186e-01
-1.296548727557431668e-01
-8.238790798106769842e-01
4.395205284729046813e-01
-1.976546843037023660e-01
3.309745773316903339e-01
6.980886387962712547e-01
6.131108960935318652e-01
-2.601267271281759719e-01
3.560312709362682959e-01
-3.634195374724682459e-01
4.226010503283821329e-01
-1.874229376278384596e-01
8.663126625864101538e-01
3.075421645268940907e-01
-5.362202283429877703e-01
3.643413382592419758e-01
6.965016747572740918e-01
8.769056636602101662e-03
-3.481529227774682322e-01
-2.747850531257256534e-01
-1.745221089324289210e-03
1.684395326352237099e-01
-1.497707544219222253e-01
1.538204051825780017e-01
-6.155031197599949433e-01
-2.554306430910531223e-01
-6.155539297039565039e-01
-8.517258314200197855e-01
-5.210547321325267323e-01
-7.057150123366873196e-01
9.294150772902773916e-01
-7.851321116206155803e-01
7.396529057936491736e-01
7.296082528064684602e-02
5.674832005881809138e-01
-7.422354963378285930e-03
-9.396589798531802540e-01
-9.661629332437566831e-01
4.527398880965569639e-01
6.034186648039789880e-01
6.758904721379008773e-01
-5.246215462810248642e-01
-4.066179073316695813e-01
-2.643393687384876234e-01
-6.939461273768063876e-01
9.276253057490655429e-01
9.572560026724916682e-01
-1.195982159833506309e-01
1.592142146302815142e-01
-7.188124058895399848e-01
6.783538473204873132e-01
9.917147221778648269e-01
1.455729446696674145e-01
8.238054806077308445e-01
2.405980576096156121e-01
-3.318880510068551448e-01
-2.938284241293027677e-01
-8.546104440524067147e-01
1.084575808339245384e-01
-7.183212127047977624e-02
-8.496485967911193704e-02
-1.090675763940014420e-01
2.468846141651663828e-01
-7.238434191019653685e-01
7.100088581501085017e-02
1.649095130717448399e-02
-2.252098615482978072e-01
-2.009330184581301637e-01
-9.138429831207888210e-01
1.454240021026429464e-01
-8.037623360742620626e-01
6.889529788573891533e-01
9.112755658509452683e-01
9.859192679716670682e-01
9.564970702514026257e-01
-3.210208511083547656e-01
1.383189796246298009e-01
-4.442490404228542911e-01
6.882273396442799562e-01
-7.175841521964854142e-01
-2.322729845277371474e-01
-5.244800259203721282e-01
-5.085858393776330200e-01
-3.230720043550661114e-01
2.087668610766728605e-01
-7.728929866930167591e-01
-9.152486210278880652e-01
-5.727107898230043848e-01
4.013145333269168002e-01
-5.668516697417547157e-01
-5.998728097882617405e-01
9.287381553426152792e-01
3.170195868816083618e-01
8.742277357586853981e-01
-8.101948643131073879e-03
-3.176197518433103717e-01
-3.504191180073057410e-01
-8.188869289869162849e-01
5.255957052494089066e-01
-2.360520329509812054e-01
3.550727540845737273e-01
-4.354133887886859622e-01
1.861746111291811001e-01
3.083633232198990104e-01
-7.154789752373711398e-01
4.761657648580635005e-01
2.717932786059062966e-01
7.510674759441269277e-01
1.315264914986522538e-01
1.499991067725765514e-01
4.764735899190244428e-01
-4.734525742445925278e-01
2.471900187104638658e-01
9.002714294705456144e-01
2.422249150694033570e-01
6.000905131003586579e-01
-9.291627680046188331e-01
-4.788145444306382004e-01
8.263462853976693001e-01
1.762721300218668130e-01
-4.249928747224147596e-01
6.358418814850277379e-01
8.185694399012164446e-01
4.045281447946527109e-01
-4.006955581578541814e-01
-7.539585125421663925e-01
8.884413434038089807e-01
4.579702127926577049e-01
-4.461285538713934962e-01
3.535690719862281117e-01
4.763231120162265686e-01
8.598955104020942208e-01
-3.001173653759972026e-01
-9.449881663294696921e-01
1.856145046547483801e-01
-1.040919725056839162e-01
-9.001428168338467817e-01
-2.030982552739375446e-01
-4.778166102137164639e-01
2.505984152923685926e-01
5.766993549525585294e-01
1.784532836455863247e-01
8.836963350460647071e-02
-9.943326494503936797e-01
9.889114650210040214e-01
3.475832477248297359e-01
2.561546436599559939e-03
2.104916215303265226e-01
9.969434740044169629e-02
8.245835483235317565e-01
-4.022251333007837992e-01
