-4.618868997557957212e-01
-3.582802270296673308e-01
-2.583548623936819943e-01
9.572884837049475126e-02
3.585099807429398822e-01
-2.441761545335323358e-01
1.367407165305815631e-01
4.831495736043347478e-01
-1.757797034119405744e-01
6.766693591794203932e-01
-2.880880720125462702e-01
-8.620978911977144471e-03
1.777425743354851817e-01
6.236646704699728705e-01
1.133777489457069854e-01
3.405190681387684215e-01
-6.022141502562312620e-01
-3.369555485707811937e-01
-1.545931806026882294e-01
5.001018705317542556e-01
-1.772742676127599393e-01
5.538703032370758672e-01
2.354515298857855765e-01
-5.404698081573026114e-01
2.949637762934325114e-01
1.300722160549324102e-01
-7.762209734048540477e-02
-2.082494583534216237e-01
-5.102288551050880860e-01
-5.244037931353072723e-01
8.634014900647726809e-02
-1.054323354251034961e-01
-1.355429821544965607e-01
-1.490920363397365417e-02
-3.580366496746704152e-01
-2.805718317794149153e-01
-4.124223953972394607e-01
6.522467870583893434e-01
5.169213206834562258e-02
-3.880660742205825908e-01
5.439271878138519645e-01
-1.251786087830091265e-01
-1.159872701192994210e-01
1.410348434941973705e-01
-6.282080888874224112e-01
-3.675681510569184240e-01
4.425164964282884972e-03
2.338337955651292599e-01
4.464068763963807140e-01
-6.572685335655360506e-01
5.272060702535859011e-01
1.905433120679932979e-01
1.031374778968403572e-01
7.535725652454045020e-02
8.339221635410156708e-01
-3.140524455539449589e-01
-4.376212969227945976e-02
-4.374381850295325225e-01
-4.639025968420870116e-01
3.256412125615228970e-01
-4.225890534780248897e-01
3.602674033226997419e-01
-3.789684410092626909e-01
4.153449905922815266e-01
-4.769381706442080704e-01
3.347252976511380096e-01
4.014609768171758519e-01
3.078098776222519817e-01
4.540739684424397599e-03
-4.417291520420851131e-02
-8.347939226192071516e-01
-5.324072351665598557e-01
-2.177550621846172652e-01
4.898643565843132652e-01
-5.925523718564548181e-01
3.357749403346864114e-01
3.434570388484384229e-01
-2.601647727573759838e-01
3.309317819732984223e-01
-6.007812223322625544e-02
-1.108429787423533958e-01
-3.236540275469603767e-01
-3.861422769786111986e-01
-3.595244222534401679e-01
2.875265184664103080e-01
3.771405849079180472e-02
-4.612860951070099635e-01
-2.768062874283058195e-01
3.182036362670461749e-01
-9.215680804704905194e-02
3.392032004545661276e-03
6.290821325204152270e-01
-8.285933846510372680e-01
-1.685741143635845207e-01
7.282018382073921492e-01
-1.734203817731349573e-01
1.493775669526296312e-01
-1.459691574330147790e-01
6.783177873954197024e-01
-6.331419155108048979e-01
-3.509502147454385823e-01
-3.823221212911241396e-01
6.161088257537554735e-01
-6.320435428168562353e-02
-7.419249620008125934e-01
-4.719954901859305663e-01
5.259886147604606599e-01
-3.829441527631681774e-01
4.779693885596458802e-01
-2.728987409645932116e-01
4.674615190056968794e-01
-8.051966508031244141e-02
-6.920846047318620631e-01
8.150437579859343140e-01
1.578315780884892716e-01
2.249755307698384776e-01
1.129406699761997673e-01
-5.567226496759785093e-01
-7.423703300788653259e-01
-4.639122236675843891e-01
-2.466168602706146074e-01
1.278445815355144510e-01
-1.066106657524563683e-01
-3.553666222446718037e-01
-4.851467008466411879e-01
9.400392901344083452e-01
-2.222977879556657099e-01
1.441751183741513953e-01
2.508787546848179062e-01
-5.239687209839059001e-01
-8.132627766448669027e-01
3.232981691805216773e-01
6.124938415196924391e-01
6.720172226711281782e-01
2.412209872638505226e-01
8.477321056210836980e-01
3.168836547911849100e-03
4.017319950761871761e-02
-5.541849433133235747e-01
-8.592489120048721341e-02
-7.290418791311160662e-01
-1.114016198342502179e-01
-4.899650748332492478e-01
-4.920095565775733232e-02
4.900098968866063442e-01
-5.810577731183101946e-01
-2.274240463188385020e-01
1.909086241182341714e-01
-9.223282173559645969e-01
-5.099278286062776389e-02
-5.769507077038463772e-01
-1.446419355202308021e-01
4.351924969217425554e-01
-8.560963820474819519e-01
1.140101360843442935e-03
5.275861693791513707e-01
5.107419476261664260e-01
-2.791377176520030701e-01
-3.798520752228124603e-02
-4.269274399683424814e-01
2.459998214822645413e-01
-4.105625124823965577e-01
-8.678324542451507639e-01
-9.060312541256460017e-02
-1.134587216300710494e-01
-1.989409030857646477e-01
-2.316934725803122819e-01
-1.518498365197548383e-01
6.731045753188169556e-01
-1.716018104727425886e-01
4.310062067742254088e-01
-6.147445578350210771e-02
-5.975989469808549170e-01
2.051928842015189325e-01
-6.546281858498648187e-02
-2.086185412257058891e-01
3.420177254604521710e-01
1.120313909783754863e-01
5.303064132441701606e-01
-3.288873016303908159e-01
2.622870800560387142e-02
2.906751108861959643e-01
-3.313321079909297140e-01
6.822201163834071269e-02
6.965766158261844643e-01
-1.101173209225354277e-01
3.926865331054970043e-01
6.161371212462161129e-01
1.217210694845909519e-01
2.355235306223301128e-01
4.871036657636994560e-01
3.703184695554354589e-01
-1.742840334647613176e-01
-4.265057542048375505e-01
6.933818816193287882e-01
-1.251802284129343024e-01
2.295417917973325284e-01
-3.101591528908541617e-01
-1.832375109386714940e-02
-4.894796244414666847e-02
-3.438795104281173187e-01
-3.203558672076052827e-01
9.759032891077232263e-02
3.882275683036732761e-01
1.664341129590115598e-01
1.659842487780079368e-01
5.709733808018063739e-01
7.709246445063878683e-01
-2.321173612033878841e-01
1.223463024006696126e-01
-1.884093572655038407e-01
-1.169087552346494835e-01
6.575331086953182247e-01
2.725627774845156281e-01
-4.703545774602573837e-01
-3.481521515725673199e-02
-3.162455131462219016e-01
-6.440496687607825121e-01
-3.182155519986240577e-02
1.462878331834398804e-01
7.769354833216343126e-01
2.721370808788593498e-01
5.829098727173787076e-01
-1.062075442508705198e-02
-8.043589443916350223e-01
4.417416198497668978e-01
8.683673774477709273e-01
6.914992355431406890e-02
5.442311462195481564e-01
-1.575065635346660775e-01
1.413493427424302451e-01
-2.772233389274035842e-01
-4.420991349863608866e-01
3.612659732885313835e-01
-1.558067021517974340e-02
3.403456762614198716e-01
5.621568523420428232e-01
7.343006391205466610e-01
-6.913626367068131939e-03
4.279112311903823240e-01
-8.494503946278444406e-01
-5.707084517627323272e-01
6.393015568076193533e-01
3.724869795877161494e-01
9.973946779274964203e-02
-2.282824079564719777e-01
4.222230806460497976e-01
-4.291592257151091716e-02
2.303173403660404572e-01
4.732847755538900636e-02
-2.042505637347366010e-01
-4.461859554244110848e-01
-1.767943482200192706e-01
5.385194934995147786e-01
3.988959470066720178e-03
-2.397894441110611785e-01
1.594579190432131310e-02
-1.513999981718744114e-01
5.914042200789174780e-02
-1.266991066684331202e-01
3.967680839941215565e-01
-4.097254306464956919e-01
6.004940976374704975e-02
5.651764113781689858e-01
1.091826521919656567e-01
