-2.366686408127862129e-01
8.491983485379717145e-01
6.557927674449074429e-01
4.676934745584865327e-01
-1.947805340334098634e-01
-1.380085056425557899e-01
5.973715677867588170e-01
-1.663680697615875503e-01
-6.296996115689303952e-01
-6.472195422056092884e-01
2.915093323211684351e-02
5.525082156340641593e-01
3.206955402619092732e-01
4.698705795606192281e-01
3.795604459559301924e-01
5.744934496386260303e-01
8.993568474499668008e-01
4.667336625837483766e-01
7.887723194191947895e-02
1.289796009763557738e-01
-3.663683822711060745e-01
-5.817199076399510727e-01
4.788843483362347775e-01
6.742492309827178287e-01
1.702090139757802822e-01
-5.505506874170069676e-01
-1.255893691527484035e-01
1.106434232570403797e-01
2.423776901575480369e-01
-5.409587542544870287e-01
-3.998456268303897110e-01
-2.620691788917882126e-01
-1.002046738128326148e-01
-2.340355049880321892e-01
-2.239248462271367368e-01
-3.666946355184350637e-01
3.109533292005150357e-02
4.620916624492359959e-01
-8.780288562319659151e-01
-7.010496200199972661e-01
2.937363749311986405e-01
4.834552979224452374e-01
9.070314210932400867e-01
-4.976155038661245200e-02
5.027574889061592334e-01
4.851390256790335531e-01
8.522852560893717788e-01
3.400811524541073605e-01
-5.582363098898748266e-01
2.289168351805878632e-01
6.987093864086243444e-01
-1.602705116145392017e-01
4.418632100138778496e-01
-8.025443572971436845e-01
7.047257529860635472e-01
-5.772860393076506558e-01
-4.801798504239048748e-01
1.015885866653069569e-01
7.281707242899698729e-01
6.930999501424507658e-02
-1.000000000000000000e+00
-7.201702757642545194e-01
-2.996009726074710389e-01
4.384946009167900449e-01
2.796311327235491140e-01
-1.157639653925233991e-02
6.906204442801000543e-02
1.553019631214047902e-01
1.332849524675923936e-01
3.781772340676072819e-01
-4.022351636334656755e-01
3.425169869439836923e-01
-7.467411905066061450e-01
-1.926877900189400555e-02
-4.421410913207743931e-01
4.166335116510347381e-01
-3.879923290337718850e-02
1.820991734086170044e-01
4.192168020040064613e-01
4.503239596494216790e-01
3.430920253483753513e-01
-4.981648357380831782e-01
-6.100752045865995843e-01
5.403361523058839433e-01
5.334694512626303453e-01
-2.223083896642644164e-01
-2.118325973482473312e-01
-7.571607897451743119e-01
-6.684093574795968440e-01
4.981544654600738586e-01
-5.115252799214226043e-01
1.896936235722936070e-01
-6.609993300864216437e-01
-5.660299805646346050e-02
5.346473053725365743e-01
-4.757584798421363170e-01
-3.369452152875217210e-02
6.405057683129475876e-01
1.994124429650222519e-01
3.347689865233962614e-01
5.904556541923319246e-01
-5.893694246800875725e-01
-3.081591754561829877e-01
-3.007144524942516606e-01
8.711448530006287161e-01
3.263334483216178139e-01
-3.514027166978564987e-01
4.722092929756203095e-01
-4.730885232686476982e-02
1.929547278035625979e-01
-2.273547232157077935e-01
-3.922790034492403821e-01
-2.618366182643909745e-01
-5.099040013998947796e-01
-2.995995604264702350e-01
-2.229639926118329452e-01
-8.022167887561753030e-01
-9.911508495900330784e-01
-7.923187993763951553e-01
-5.927707958921058645e-02
3.404255713956484963e-01
-5.133769123406269896e-01
1.916580918255406940e-01
-1.744995123175567819e-01
6.620727302908209488e-02
1.070076890882952214e-01
-1.339249028232034899e-01
7.851789562424543734e-01
4.184855932261172806e-01
-2.083719178963768515e-01
-1.245590994782853761e-01
5.089312216470580630e-01
2.247488911656714272e-01
-7.269781715531616895e-01
-4.521827639178478409e-01
1.329337131985353915e-01
-3.309637515018998832e-01
-2.272086247195303499e-01
-1.720843791468722184e-01
3.008406611903403638e-01
5.518497611311498074e-01
2.586214412581926969e-01
3.559616453536185166e-01
3.394313695567044431e-01
6.958122199185772239e-01
-4.833811372685389851e-01
5.317364811652079970e-01
3.164106103467536624e-01
-8.921664708631447949e-02
-3.036315829754553941e-01
5.489033069079068961e-01
9.150105339789899039e-02
2.342292242990815510e-01
3.303178119160627424e-01
5.282495518258660816e-01
1.233741656570279122e-01
-8.287698553495138620e-01
3.702130892805726714e-01
6.685389904067998157e-02
3.577789741718466754e-01
4.216961842165756758e-01
-3.479018799005589857e-01
7.750542431963528545e-01
6.782190770664109358e-02
-2.399229176108435280e-01
-6.372380881644625905e-01
-1.025079780253208839e-01
-2.666823238149543807e-01
-5.063730478806897084e-01
-3.225036718837788197e-01
-1.810749679844591564e-01
-7.379569313829978938e-01
2.735370140052151844e-01
-1.326520930474223980e-01
-1.198288057548507618e-01
-4.708900352618980434e-01
8.934722425357502495e-02
6.451999397909455869e-01
-8.251063698898424281e-01
-1.906660133623817865e-01
6.467777663737064309e-01
4.928114241630467962e-01
3.094541208338259519e-01
-2.808835839454829619e-01
4.600313171958109182e-01
6.385153307572755121e-02
-5.337377997087845438e-01
1.596994439912649000e-01
1.224958716797348440e-01
5.709008278909615264e-01
5.948245115412943707e-02
6.588936099440458050e-02
1.723195555547450686e-01
-9.175484492627160593e-01
5.117163963291379014e-01
-9.161897581930550372e-02
-5.489185678690371439e-01
4.592733415350631621e-01
5.745394152669647259e-01
6.315485018105765347e-02
1.124557441558687865e-01
-2.896810119376544423e-01
2.289968212557197957e-01
-3.259198640963035243e-01
-1.394423746132601449e-01
9.278794527525502378e-02
-1.526536765700022696e-02
-2.293518365396433056e-01
-3.533954172844996355e-01
3.743113246946669914e-01
-4.777084207278562422e-01
-2.654729040996721134e-01
2.550299461938166368e-01
2.055062641688592817e-01
-1.018422322748993858e-01
-1.386951238531323322e-02
-2.753033965863584953e-01
-3.993500557788305372e-01
-3.189181161997007852e-01
2.512094524162418185e-01
-1.156337321782029554e-01
3.011415522802499689e-01
-2.340394740021287667e-01
-5.252123514640161250e-01
2.547555963774789656e-01
-6.894847998440897796e-02
8.149549843540309091e-01
-2.957345196579712621e-01
8.773082258867238581e-01
-7.463816884015044284e-01
-4.989424372220470083e-01
-5.120614814485616728e-01
4.380740597536095238e-01
-3.044072558003189655e-01
2.974177351116240597e-01
6.501190547629883687e-01
-4.522324460534814516e-01
1.208919754444235245e-01
5.007344993771881692e-01
1.365976173541739169e-01
1.959959250585644741e-01
-2.858550167317674418e-01
3.608715435999340637e-01
3.460306548246153135e-01
1.618204151146640790e-01
-2.637458702652883957e-01
2.030894825247257507e-01
5.863212028288357081e-01
-1.120732934902031325e-01
5.728495621660298909e-01
-4.373459686494338694e-01
4.517408789885880571e-01
1.882615693856973249e-01
6.944403737465535409e-01
2.155172076576903351e-01
-1.260143064177048633e-01
-5.122972411444178809e-01
-1.729431036266594335e-01
-1.305805142179310707e-01
6.870390611732196673e-03
1.987011143425647386e-01
-3.144788580384594301e-01
6.649325732099640174e-01
-2.085562677968176570e-01
4.169470550231386269e-02
