-1.005297781890553410e-01
-5.255829202381114840e-01
3.255764334264131810e-01
-1.203322833623771682e-01
-9.129195365783238092e-02
-1.554891112783496621e-01
-7.367970147113579449e-01
-1.341359634576298199e-01
4.383388697275065193e-01
3.963977064213826673e-01
-6.104848487032455973e-01
-1.697823482905073122e-01
-2.549405026821904285e-01
-2.043341680663944560e-01
-4.745822551626744518e-02
3.914223133540910005e-01
3.948541722126699960e-02
-1.513599396512472772e-01
4.811739047538431402e-01
3.852132969082949221e-01
2.157384005654634507e-01
1.887525165155047591e-01
-4.208809554207810222e-01
3.579322181106778800e-01
8.399298120428665415e-01
2.740118481254080196e-01
-9.928022307033583516e-02
-2.392880729759973013e-01
5.149663430883555382e-01
-8.428321401038402216e-02
-7.149617251280495633e-01
3.244593103289220015e-01
-4.929494165176256243e-02
-1.379389433096822881e-01
-1.449144189836722441e-01
-3.084784196444080306e-01
2.246927051231919770e-01
-4.183982393789461574e-01
2.617580805365029017e-01
5.227190544392708027e-01
-6.931292931591177542e-01
-5.317575894425167204e-01
-3.532725488972336958e-01
-4.424375423198892432e-02
7.345716458294166973e-01
-2.541022896053609093e-01
-3.230770847827471037e-01
-3.085027796268611233e-01
-9.529239618439508397e-02
-4.658436176511974169e-01
-3.380215672842415420e-01
-3.744222451952673447e-01
1.719542316171667196e-01
-1.687424232274402081e-01
-1.173902626738290988e-01
2.610604758205024023e-01
5.036096923440037676e-01
-1.996165306744071277e-01
1.179701744832528099e-01
-4.224665408616430362e-01
4.796103575499162663e-01
-1.401764794890104915e-01
7.080052701708913765e-02
1.236780683498992367e-01
-1.197426196254754160e-02
7.828793356837232542e-01
4.173241437032373935e-02
6.983034712585585169e-01
9.980284605033634682e-02
-4.191760427189399896e-01
-1.205188844104267687e-01
-1.471144961857747020e-02
4.163643791336316680e-01
-4.947821743683089579e-01
-2.916052113533622592e-01
2.673332268995551875e-01
2.661125501246257574e-01
1.105291150857524857e-01
1.913558404258106083e-01
-1.523314503383567664e-01
-6.320687145307770649e-01
7.284376706793741496e-01
2.993873422771624049e-01
7.335670634764301923e-01
1.392979082475897246e-01
-4.691123794321520046e-01
-3.668765720481218656e-02
4.030926251937601013e-01
-2.899745966385784690e-02
-9.222583607010453877e-02
1.671694396338058511e-02
3.426579039947803551e-01
5.325433548267400896e-01
-1.885670073045343231e-01
-4.497766629135303562e-01
2.409661581005198006e-01
-5.447089285054848018e-01
-4.047371029872020576e-01
-3.282703944862632173e-01
-6.282244996972915496e-01
-1.554849628609187573e-01
-2.548119487721010046e-01
-3.770501607433796726e-02
-5.794614022080870619e-01
2.469297452216369371e-01
-3.940873455473680176e-01
6.494872991833072762e-01
-4.463372080668482345e-01
3.686721214366895927e-01
3.833295318848060074e-01
2.248917987713682232e-01
8.107112867806187673e-01
-6.104344621380721619e-02
-2.818351865908119702e-01
-9.900853706630445838e-01
-2.174185031566687812e-02
-2.408006416065632815e-01
5.494843433816333222e-01
-1.391912537122301854e-02
3.289048922371501371e-01
1.050163295427104515e-01
3.124060548094961809e-02
1.673768298818316125e-01
7.179687144588775549e-03
-6.422200249384359128e-02
-3.607025028598448424e-01
2.180155458400444557e-01
3.542828745344167585e-01
-1.777024637448152977e-01
6.047877831351375910e-01
-6.795126869390071267e-01
1.044914028115115079e-01
-1.185100424912886585e-01
-4.218939362401923909e-01
9.195024460502749797e-01
-5.922642306905223641e-01
-3.817883040242571746e-01
3.826615648751711674e-01
-3.550277843965748970e-01
-5.828008186992907902e-01
-6.753170195526524144e-02
-2.473677037435859094e-01
-3.725640895792439733e-01
8.389050605193570931e-01
-5.876116394877726190e-01
1.374857741595931770e-01
2.653015353526592263e-02
5.190642944689256577e-01
2.611461118323904484e-01
2.927032282789333584e-01
-9.516483742681192126e-02
-3.654292612623885050e-01
-1.296910729464941514e-01
-3.254919389785733141e-01
-2.702994376763691586e-01
3.591140918448795238e-01
2.347430806905540790e-01
-2.838744336078868891e-01
4.027015958057196185e-03
-1.081405287248587699e-01
-8.375334893195326424e-01
-2.065212666015422416e-01
-1.229000899042314160e-01
-3.983808406720902306e-01
-1.680864213750976610e-01
3.428169544568261951e-01
5.085661093644595551e-03
4.812712397480785054e-01
-1.482106989335729430e-01
6.806866939891187407e-01
-5.031890074059403029e-01
-3.546895316228824702e-01
4.869069514393455783e-02
1.298670402694121484e-01
5.518148161277444119e-01
1.804444934147904078e-01
-4.550252468512963056e-01
-3.093650996203261005e-01
5.908536107511949131e-01
-7.428584471191616023e-01
-1.380040294388281893e-02
-4.698593252127283848e-01
-3.496072913115720882e-01
-6.579245718141373267e-01
-4.434433946432198015e-01
-2.168840131106258284e-01
-1.675227818594691304e-02
-1.061992457788900612e-01
-5.770305015322811926e-01
9.643116809426270641e-02
1.838841878250181971e-01
4.898728746464909856e-01
4.772255415246639543e-01
-4.999805336623065061e-02
1.344610829559372139e-02
-6.225524928293070248e-01
-1.575375552199408391e-01
1.826310314573866278e-01
-4.218373198804866719e-01
5.656617788128609492e-01
4.719821298870746640e-01
3.310272643914933810e-01
-9.464484655673074953e-02
-8.330956589068331253e-01
-3.670453758892365248e-01
2.294050876275734174e-01
-3.193926124832596053e-02
3.005488371193355823e-02
-3.751433929111190890e-01
-1.328298889852591591e-01
-2.323449899271954333e-01
-4.122245869999122125e-01
-2.931152247859453719e-01
-1.817753220336408918e-03
-3.444956839363189083e-01
4.100408043329688001e-01
-4.494530440752550482e-01
5.267763766295109340e-01
3.163627771805459510e-01
-2.768011900338648856e-01
-3.267560903087428636e-01
2.421552512029576110e-01
2.460378810926440729e-01
4.171411342963936564e-01
3.264600303541809190e-01
-6.505125695750755277e-01
-6.511400107984333108e-01
-5.925459838829983950e-01
-2.516073484031385865e-01
7.751084371858470989e-01
4.163113517629155602e-01
-4.377614255527831899e-01
2.654544566701594888e-01
-7.069404385023354553e-01
-3.731951592870459411e-01
-3.301858773386983636e-01
5.756731276877317116e-01
7.318296290130077431e-01
-1.138887436064733583e-01
-4.271522149799366064e-01
-1.807701697334360147e-01
4.577276633357703073e-01
4.735021822602305391e-02
5.695214942332208485e-01
3.326995751556843101e-02
1.851439008357612936e-01
-1.926459173872194230e-01
8.173394096485814275e-01
5.909822065315861739e-01
4.986611668305308831e-03
-4.184166374221897078e-01
4.637242893412450995e-01
6.605402806095089785e-01
-4.470422180537838019e-01
1.672445945683719293e-01
1.308583119049407384e-01
-4.110518170946864669e-01
4.124558794174055243e-01
4.087888601799941068e-02
1.564251980526710217e-01
1.172445226618335223e-01
6.185066179351043081e-01
3.027917762588459016e-01
7.049085855144032742e-01
-4.982011012010197915e-01
