6.617574242784163285e-01
-9.585615405427029279e-01
5.263713812795930425e-01
5.764060081242297073e-01
-5.510225667900797708e-01
-5.624278294296600755e-01
2.606158475849732481e-01
5.197239173892807124e-02
6.644697026654539096e-01
-6.775175904059798082e-01
-9.797289387399337190e-01
-1.832809824404372512e-01
8.451546625950554503e-01
-4.375352482953580313e-02
1.543908507700838817e-01
-2.556516247487507498e-01
3.626205652038723137e-01
-7.172958711393468967e-01
-4.138893822790227772e-01
-1.177243113897751547e-01
6.206132455881392396e-01
-1.852900762821106939e-01
-2.049861151410429794e-01
-4.800907464954767834e-01
-6.645052367543872185e-01
-8.124975520259738460e-01
6.168361107263916621e-01
-9.448219936534254515e-01
9.702382147321336747e-02
-1.835294432314822921e-01
8.577005751538819833e-01
-7.595580521704562438e-01
-8.318195361008925426e-01
9.514939915258543435e-01
6.830140912897404437e-01
-1.045602352567226306e-01
8.605505072557912971e-01
3.875336385955756580e-01
-8.262644722174056211e-01
-7.539111183374608283e-01
6.513257217985614078e-01
2.576210310079862231e-01
1.996541603766140982e-01
-7.103073162820464637e-01
3.086514130493049901e-01
-3.464042678394444602e-02
-3.356221417753524339e-02
3.685764126815497255e-01
-5.493918403725739363e-01
-7.508430959521744663e-01
-5.765857534699688758e-01
8.121428029599713216e-01
-8.598665551171330579e-01
5.524379254838485132e-01
-2.615484840642212649e-02
2.269574112510729380e-01
7.526295622884889847e-01
-6.148698778324974690e-01
6.677274652360061236e-01
6.539244136675397279e-01
4.796218193537952756e-01
-8.611226286632370774e-01
9.078513125864279276e-01
-8.943757397099181272e-01
-5.086453756528175330e-01
5.431943940784065283e-01
-5.515157340769789862e-02
8.025840682030285222e-01
6.575555509929844611e-01
-7.253579034198557318e-01
5.747458967847662858e-01
-3.845884786748172135e-01
-6.043741641853623420e-02
-8.018444076079231930e-01
5.200633478004029753e-01
5.943606187844212574e-01
-7.891680449670634978e-01
2.601484775234915725e-01
5.248054974079082724e-01
-4.154416903392854632e-01
-2.424051967921591055e-01
-3.356170709119693507e-01
-7.198557943578888230e-01
7.985290627171446332e-01
-1.500548246841235389e-01
3.785097265625956275e-01
7.905103551534030382e-02
6.012699567547959839e-02
-1.077406397001345051e-01
6.109541752024396644e-01
-4.665545991592211506e-01
6.267255053743863158e-01
7.957751818363534291e-01
2.513403571004227399e-01
4.973056747366698671e-01
-2.687506189222199082e-01
-5.418533683124981959e-01
-4.016747736501286581e-01
7.972721356752214827e-01
4.961270967934651166e-01
-3.218457397021615152e-01
-7.149700923122900287e-01
-4.495669607394100487e-01
7.653059774412348526e-01
-4.608220007139323116e-01
8.603711379404467285e-01
5.292386854202026925e-01
-6.827647128430857082e-01
-1.743501367450699668e-01
-6.016871325531759213e-02
-1.265690066835713501e-01
-4.997017666717137874e-01
-3.340087616958595240e-02
-7.302985521379758982e-01
1.896704964672625560e-01
-4.585257248188571721e-01
-6.200860298966851536e-01
4.222365789270070557e-01
-9.434615803167553105e-01
-7.779036955143394660e-01
-8.785217388139044958e-01
2.957978265289001318e-01
6.541812769200192612e-01
6.200087435248954337e-01
8.578861805193396251e-01
-9.706560354066157137e-01
-1.114070525033803022e-01
-8.056992742373177974e-01
2.533405938172654803e-01
1.638361515702278504e-01
6.992786412638588578e-01
7.322734287896336403e-01
-2.212571707649960973e-01
2.090428762520795958e-01
-5.554586737728985785e-02
-5.537592160238943156e-02
6.181074070556864530e-01
3.126377560151576418e-01
4.044723001197351175e-01
-6.806202275965617110e-01
9.250140325153994869e-01
-2.403252367661661004e-01
8.825208589795237035e-01
6.237788143264325624e-01
-2.370625419900429243e-01
-5.740295333162280522e-02
-1.364636580977709457e-01
4.300607762937833645e-01
7.760442674863863299e-01
-4.751460615466399084e-01
-7.301917005082887435e-01
7.793161544034872268e-01
6.495365746846282207e-01
2.745763614497829241e-01
-1.848346748988431987e-01
9.149370759950991028e-01
-8.118240343388987146e-01
-5.599249183306729272e-01
2.331791643386818547e-01
1.978262932084647874e-01
-3.238191023514085387e-01
-4.578888712069344447e-01
-4.724156992247636189e-01
7.237658283344711174e-01
-1.007420245886096744e-01
-4.592217558459311122e-01
-7.649850409094298698e-01
-1.446048456335302934e-01
-2.831327659081520620e-01
4.710775790483459069e-01
7.094276938241306230e-02
-1.000000000000000000e+00
3.324538556686344737e-03
4.096537915343234637e-02
-9.086213946815945297e-01
-4.581757202392199302e-01
-3.575295897121898991e-01
3.668264852557964750e-01
4.593281417746549189e-01
-2.854244792507343309e-01
7.382219986555991209e-01
-6.999930658976648568e-01
9.382702716860072956e-01
8.233716824562535841e-01
-7.337972094678353319e-01
-1.241245375636844117e-01
5.275147510868819500e-01
6.474446110157685563e-01
-6.098951596978270384e-01
-3.614211381207929064e-01
-2.336745272922055028e-01
-5.350850047789224018e-01
9.138441441511844232e-01
5.145101038348617317e-01
4.647711776870641076e-01
-2.743611792061319554e-01
-4.059143879432914881e-01
-4.468075759936586122e-01
-2.539817736754470534e-01
3.426647729848980028e-01
8.756944354798974484e-01
5.866786242248949179e-01
-8.637145680486656429e-01
-8.078937100014103034e-01
6.349974841060217201e-02
-6.467374763085078637e-01
7.744459793917566337e-01
5.251902599892749324e-01
-4.930772880064589470e-01
-5.259805231544508741e-01
-2.807084772862007971e-01
7.216371728284820541e-01
4.462236503242229813e-02
7.075924891439542286e-01
-6.608350880173186059e-01
-6.942569894343324499e-01
-6.453994951311292638e-01
3.650327300974721689e-01
-5.046277707132462015e-02
-7.503673422330934262e-01
7.466305807191800370e-02
-3.510112104763020713e-01
3.525881339342541998e-01
-4.124726379040244972e-01
7.515996314669953771e-01
-7.885663979888324349e-01
-2.355446045890283169e-01
-8.053746273229127339e-02
3.160246756684264025e-01
5.545684048171152236e-01
-2.345163302964844987e-01
-6.037938899159407402e-01
-7.639804342778162560e-01
2.041631095816879293e-01
-4.690182059505078049e-01
-2.578434256425702897e-01
1.418373173040242408e-01
7.908942284137893131e-01
-5.873878398767723441e-01
9.282419465905503708e-01
-1.124465271113275766e-03
-1.469794500931123349e-01
-2.657179480844281683e-01
-3.601634728409274233e-01
9.647684173424243559e-01
5.804346907974653469e-01
6.606988484271762996e-01
-8.886523529946839528e-02
-8.868781750716090428e-01
7.022794281740944999e-01
4.412801491673066234e-01
-1.314252754264578493e-01
-8.701370907578935554e-02
8.316277919543958452e-01
-4.999717707842411540e-01
-7.415815926830108262e-01
-2.480204361860140483e-01
1.000000000000000000e+00
5.033052635184907114e-02
6.797526869002119554e-01
4.651451977800105109e-01
4.138807543674539180e-01
-6.951294386681093895e-01
7.737184026025765160e-01
8.054196640593364043e-02
