-3.793937969553669576e-01
-1.181656803762352465e-01
1.944468321098028196e-01
-6.182389908512819776e-01
-1.752495128270479818e-01
5.164561701940877381e-01
-2.577943129316389442e-02
2.677101518433300936e-02
-4.916623811922313791e-01
-6.939818830450686926e-01
-1.113377330290579170e-01
-2.632709781612670441e-01
4.892533435011033743e-02
4.074011377200758011e-01
4.896409659026480510e-01
1.367918229261385066e-01
-6.562367033754892276e-01
3.361096086994108667e-01
3.076906448591860133e-01
2.532720248231573046e-01
-3.972948056327355593e-01
-2.911487219166551954e-01
1.986327336923763565e-01
-3.983820934906494304e-02
-3.150793823374860025e-01
4.175456784389981468e-01
2.869061817070521769e-01
6.329138996370365922e-01
5.878070454229655795e-01
-1.799558830117782560e-01
3.240232170728112315e-01
3.411478490269478914e-01
2.894084843428932491e-02
3.432320562423158417e-01
8.316927998867140737e-02
2.217390581795286586e-01
-4.380821212382332575e-01
-5.830014955025635270e-01
3.710473421859806775e-01
-1.809134917864525099e-02
-1.711169202242391885e-01
4.657930949397419695e-01
3.942634823354764784e-01
2.752536475898553769e-01
9.694248909424255101e-02
-1.247960199694213845e-01
2.071121779310242939e-01
5.014273907345430104e-01
-1.611264580660668189e-01
-5.218307443702485671e-02
7.415597495606292278e-02
-9.838407027664136661e-02
7.125012208209939857e-01
2.198632999097718810e-01
-7.256736938159973338e-01
-6.846907455357496008e-01
-2.902069751612330606e-01
-4.744000024998130116e-01
7.045872645262206690e-01
-1.066459767445455953e-01
-1.699254249224661506e-01
3.002855006510084523e-01
-6.598944303507683351e-01
-5.760862762579794794e-01
-6.644296365497375234e-01
1.044995356168714751e-01
1.967378329296398942e-01
-2.845685917597590153e-01
5.875598127339670684e-01
1.526039678206498607e-01
-2.867934535052003575e-01
3.572471848724700361e-01
-3.262305703265357959e-01
5.324083392948945059e-01
-4.178119844370091762e-01
-2.673849778034979030e-01
5.707492542017675863e-01
7.871416331960788548e-02
-4.753565499068233002e-01
3.610134719891719968e-01
-2.833745784084841790e-01
1.756844986682533638e-01
7.304082734481468497e-01
9.559188422164677235e-02
-4.124272716447860421e-01
-5.391982582005055979e-01
6.811156882536570367e-02
-4.712696442611172820e-01
-5.551438896441278636e-01
5.316672706227860701e-01
-7.889233517978739840e-01
2.479653033848686627e-01
5.101771717046248433e-01
3.523118912897518773e-02
-2.191501042679285527e-01
-1.099115099161054321e-01
-2.796800254093728677e-01
-6.738068451219918209e-02
2.448128034345032900e-01
1.955012570272923467e-01
-1.903541341389064778e-01
2.198169424422613538e-01
4.413170323522125349e-01
-2.136437531453121708e-01
3.062016999412178198e-01
-6.571601806182215677e-01
1.157138315058124367e-01
-4.295043948454244087e-04
-2.025195913901856049e-01
-4.659123471048908227e-01
3.271368587196572530e-01
-4.122919137226191966e-01
1.620630855172585094e-01
4.086788671807735640e-01
-3.308441513674937884e-01
-5.309800095170228440e-01
3.459071989062801888e-01
2.772540865082597783e-01
-2.605571132596730122e-01
-3.535425928966101639e-01
-1.009080502765481446e-01
-4.125994933342184146e-01
-4.168946092385210633e-01
1.339710653851066968e-01
4.290596113044233828e-01
7.817846517960895802e-01
-2.157397542382961109e-01
5.639426472144346558e-01
-2.247084498792841500e-01
6.269415113468350398e-02
6.743228085130589800e-02
3.788256294014401560e-01
2.855618567752270520e-01
5.153669378705852955e-01
1.797515912640067492e-01
2.067306165608699398e-01
-8.541412521741209574e-02
5.626797884822625218e-01
2.985694251426108670e-01
-1.509328200878038984e-01
-5.227188142085112954e-01
-3.267130334180907147e-01
-6.177121322806007342e-01
7.393000389415743667e-01
-6.979485733045454054e-01
3.390258074761917095e-01
-4.714161316728026629e-01
-5.031220921090874543e-02
-3.257673100471017436e-01
-5.946791732262744767e-02
5.047433395114189203e-01
-1.867969922466383714e-01
4.854879587165588650e-01
1.880679319928239834e-03
4.443316333188438438e-01
2.750805282792495587e-01
-4.563057912765821067e-01
-1.046572666022324294e-01
2.121983948511143303e-01
-5.329062283832484148e-01
2.248824581311530957e-01
9.072943458185035726e-02
-1.504649643004840331e-01
-2.330832609163392410e-01
5.052931317735460670e-01
-6.018287700202163970e-01
-4.986417072906851322e-01
2.744150742021288503e-01
2.231538085794636805e-01
-2.189840543910065440e-01
-8.906044793057657505e-02
2.216367326344939256e-02
1.249455941830160677e-01
-7.230803752186656386e-01
-5.790849479338594508e-01
-4.834262883004940559e-01
2.146940797718555061e-01
6.535815703524517906e-01
-1.003241227054359197e-01
1.628304000790205819e-01
2.710003856559248248e-01
3.218758882004846833e-01
-5.447150202662320861e-02
-8.597508872630992005e-02
2.094653171370619016e-01
2.033220887289177159e-01
2.324352829249408114e-01
-4.034853156485484482e-01
-3.018531153223792396e-01
-5.309903163322274300e-02
-4.889108998098198877e-01
7.492788232153746453e-02
1.116799474312127061e-01
2.151483627690730371e-01
4.840201964856758465e-01
-7.414471846356583962e-01
2.756063432082174747e-01
4.306237166517260517e-01
-3.772881327209925972e-01
1.996921457940774580e-01
8.370171568341702173e-01
1.855667901477984771e-01
1.571078872057178333e-01
4.709152560389886499e-01
-3.972054923661112735e-02
4.880418753437112400e-01
-4.532445773595268623e-02
4.200741850321644266e-01
1.310042731809788197e-01
-2.343307558110138966e-01
-3.166377919712576317e-01
4.627624573503464345e-01
-6.039855542321573290e-03
3.870920756906504612e-01
-4.128778942515923811e-01
1.845278012428467340e-01
2.450261202738039379e-01
6.628776434217292790e-01
-1.468351200239731424e-01
6.735774175598112645e-01
1.638556574415934164e-01
-4.643638026288182119e-01
4.240338694174722867e-01
1.675071930578359847e-01
4.169925516539238486e-01
-6.355622485865919380e-01
-5.745535423042892331e-01
6.102816271404325477e-01
1.508440440222052481e-01
-1.335612384429821498e-01
-7.714326762777221624e-01
-1.791838722354281987e-01
1.188100167039227162e-01
2.321115972770536329e-01
5.692136091752157956e-01
-5.225589487919860554e-01
3.705336563754707546e-01
-2.330213980767911197e-01
-2.853367882322628279e-01
4.311969517851636791e-02
-3.188871148890750074e-01
-2.775136102898018153e-01
-2.149505617964046489e-01
-3.987040680412369809e-01
-2.545141292872774574e-01
-3.611819500521577520e-01
1.284603331685309491e-01
-4.219805745233236038e-01
3.299416648925581064e-01
-2.570062504883017240e-01
-7.183426979722764560e-01
5.683740659691988162e-01
3.119723734658284842e-02
1.791535273568351308e-02
-2.839833924643315743e-01
3.350225138611696574e-01
-3.870593293123694711e-01
-2.471168582410211145e-01
-2.646578996872400169e-01
-2.130037492713756919e-01
-4.018261280540006558e-02
-5.971350188760016220e-01
-5.532070152671406671e-01
2.471957634735546527e-01
-5.389180144486803437e-02
