3.951939705767545385e-01
-5.936292096918078798e-01
2.308555771007494983e-01
-2.747039148247990559e-01
4.703679327670826082e-01
-2.756371751720678720e-01
5.024659848423160824e-01
7.565827857683574131e-02
-4.433774063033600887e-01
-2.920146940169930927e-01
-1.138157378384253848e-01
-3.157436873209505945e-01
1.543097717801819868e-01
3.830828443901571068e-01
9.928468468197770846e-02
2.592417573029936473e-01
6.787404715991876558e-02
2.433494753089398555e-01
1.899421511563354203e-01
-5.517869330675301276e-01
-7.922525723664808339e-01
-1.378296310561683002e-01
-4.314479060881950545e-01
-5.276901889150784064e-02
5.904676967568367463e-02
3.266015211350791758e-01
3.659996566901149717e-01
3.154636187658316770e-01
3.540179376915196241e-01
2.298738803163735134e-01
1.116574547052598051e-02
4.332373792125904788e-01
2.609554288753518914e-01
-1.052768979645941627e-01
1.271131712706597139e-01
5.414871056020085227e-01
-3.777298406672986025e-02
5.792152092677310682e-01
-1.696492273028827324e-01
3.988307959414170711e-01
6.799356560183360543e-01
6.462808576488711099e-01
5.438671916601118816e-01
4.652903392113816872e-01
4.122236015969452660e-01
-5.495776606723589142e-01
8.119590416994381110e-01
-7.650600634132079247e-02
6.498646367702566318e-01
4.617050244269031434e-01
-1.219131037444828869e-02
-3.613063821352522909e-01
1.254918555224955323e-01
3.472796179907912117e-01
-8.918567506792468569e-02
5.196140157516696556e-01
4.268945721760537548e-01
-3.454018977910620208e-02
-2.702632894560824672e-01
8.256682450500643089e-01
4.661721333615045926e-02
4.508373270948917155e-01
4.050228572756565670e-01
-4.359310199424344390e-01
-4.312172498054905323e-01
2.236244893251012472e-02
5.873075887841986420e-01
5.814862283659338882e-02
1.877214654158369522e-01
-3.974662961699131913e-01
-5.069611187086405790e-01
3.804238947483504774e-01
-2.025743309396137448e-01
-3.900618258985544262e-01
-4.839740779352743605e-01
-1.935107377549023788e-02
-1.282896548413612614e-01
7.353480669386992519e-01
-7.775191612642122774e-01
4.076680761073099291e-01
4.867021385709118797e-01
-2.528405728188017898e-01
3.113749424486844108e-01
-1.099790844593941663e-01
-1.321524940537240900e-01
6.884354511140140520e-01
-3.039426709333849508e-01
-3.579125875559504566e-01
-1.683383845794517164e-01
2.067328676027489764e-01
-5.511475601331892182e-01
3.345500569539150426e-01
7.553188059497305540e-01
7.341518851971022830e-01
4.590562705161514989e-01
-7.858330575693217579e-01
1.605030289027239154e-01
-3.089604817446204854e-01
3.678065368595640483e-01
-9.525469925405102845e-02
3.533383101455465081e-01
-8.110591337399199185e-02
7.264105806965673873e-01
1.393211446848559298e-01
5.472762579779419934e-01
7.117609877684749620e-01
2.784365050047020174e-01
1.506245762337109217e-01
3.647099051706935435e-02
-5.346771988331774222e-02
-5.720078336940249697e-01
5.843267247696627420e-01
2.415916395374221037e-01
5.910421411305555317e-01
-6.053916624412616354e-01
7.273886122485027084e-01
-4.670359773029808537e-02
-2.648354702665435267e-01
7.362339326995877009e-01
-6.590907703890858116e-01
-5.209995712844310845e-01
5.495422020342279890e-01
-1.078276885845529665e-01
2.541906358115636477e-01
1.011613972978535197e-01
4.428565963414253237e-01
4.514367759780471556e-01
-3.853579879053671553e-02
-7.351878851316748786e-01
-5.828688863234858797e-01
-6.558207461928871052e-01
3.811306866669283977e-02
6.304835133015094240e-01
-6.605349028314533300e-02
3.589266809675478731e-01
-7.227303655462745668e-01
3.840427197895730504e-01
3.414353213506690077e-01
5.870350722525790044e-01
5.879885672841648203e-01
3.865507141870759833e-01
6.425635546771506501e-01
-2.398490189944315620e-01
1.070376480395610758e-02
-5.641277885542891335e-01
-4.838843577067034607e-01
1.246869332403647695e-01
9.931517223727066856e-02
-7.208371673552694814e-01
-4.043442209668903220e-01
-7.396266932458292476e-02
3.789128511689218159e-01
1.022325364679070175e-01
6.218991717820306908e-01
1.220045055841233461e-01
4.368811727041107540e-01
6.079057338899309659e-01
-7.148085779726479627e-01
2.621377555737841591e-01
-2.115298538768467518e-02
-9.472168853312488979e-02
-4.504172892687672292e-01
-5.812634192281008749e-01
5.116885541427684814e-01
-3.907799120259642933e-01
2.563719169008839005e-01
3.988555803677441836e-02
1.692642082734557296e-01
-9.380541811929020424e-02
-4.582018968694857586e-01
-7.502203095820623828e-03
2.514759009701115766e-01
-4.003466635256104356e-01
3.614505981048551364e-01
-3.328968102377110050e-01
3.922945727902483748e-01
7.210110090123552640e-01
-2.751052457086464731e-01
2.405622780721912157e-01
3.556870570515395791e-01
4.814315579724046112e-01
4.620067533918899572e-01
6.788724032168647060e-02
-9.780553905701484807e-02
1.315029676885952903e-01
2.147076440508613460e-01
5.594851870044955655e-01
2.601623011181911638e-01
2.855518370913412429e-01
2.783087652237070109e-01
-3.690043630137910813e-01
-2.398300054171758622e-01
-1.465247539560952106e-01
1.095955032195716355e-01
5.944354074705811009e-01
-7.115755951769335841e-01
2.228006061292312767e-01
-5.504662176735390933e-01
-3.776409279806846597e-01
-1.091478386181387317e-01
-1.835824755425784494e-01
1.270414627131687679e-01
-4.317695385773309864e-03
2.119236238556462537e-01
-2.755202072990788412e-02
2.549829293199827873e-01
-1.915792380657919403e-01
-1.978142627064307657e-01
-7.236721747835076490e-01
7.092312825210064231e-01
-7.478221793168593479e-01
-1.141541507397165756e-01
-3.135490812220329548e-01
8.254849155031929175e-02
-2.786092525064476355e-01
1.794836841909251413e-01
2.232999620491711579e-01
3.770551197968694535e-01
3.215397238652386580e-01
2.037435093018377663e-01
-8.058614318594151671e-01
-6.735129601294578272e-01
-2.002251023104648364e-01
1.582926145171293653e-01
5.263352176992543985e-01
-5.945388871062976324e-03
8.095983244697644299e-01
1.437820169022248906e-01
-1.195975790561797231e-01
-6.993675389681281995e-01
-2.878956802903360201e-01
-7.705870354199118033e-01
6.822861637655250888e-01
6.005204463613981192e-01
4.653927757931046183e-01
2.748063415055272962e-01
5.929805393464298024e-01
-4.306630664764695138e-01
2.434261423828626980e-01
5.598935400894243797e-01
3.075485756706750617e-01
-3.484636596436979095e-01
2.083626452658838557e-01
5.292505091934229799e-01
5.844945383359162472e-02
-2.863631152284757397e-01
-7.098469895434310339e-02
-1.096474681086430786e-01
-3.394353901434770115e-01
-2.848102408655061590e-01
-6.065283511170228570e-01
2.673591716956507103e-01
1.325646071365638723e-01
3.527008773479360648e-02
2.332797546467573480e-01
-8.604867620284911700e-02
2.696662244458585267e-01
-3.278098502096430944e-01
3.795719915273495504e-01
-1.295234072015928883e-01
-5.393525614596178519e-01
1.281518483019937482e-02
6.468255680340668778e-01
-5.981021466092972805e-01
-4.256477747527600553e-01
