-2.192878282583516913e-01
-1.747269541298032969e-01
3.138360837426973360e-01
-8.733235905951166611e-01
-4.215401208545778433e-02
9.477601645114783757e-01
2.406709375751832636e-01
8.510381011095192738e-01
-4.751674847024616732e-01
4.301716263498909787e-01
-2.077129477049010908e-01
3.594419187117654513e-01
5.377901201936822195e-01
-8.985624483213323910e-02
-7.898732587506790415e-01
-3.971059982853976655e-01
-1.786305178739084620e-01
-8.753336795637746137e-01
1.686624832613725922e-01
-5.656515632729102183e-01
-1.020861151534823152e-01
-5.375227024701879630e-01
-3.942586259236185442e-01
-1.457455201289972468e-01
1.763642607094106363e-01
7.082190066344312696e-01
-2.517823961857771353e-01
-3.308960542792365733e-01
-2.244536363228663567e-02
2.243716564965388405e-01
-7.077925423934680604e-02
-2.779024285586242371e-01
-3.958655429347009980e-01
-5.479374987384317830e-01
1.225333572070519128e-01
-2.330007047769367123e-01
1.589352564810526114e-01
6.708235016986052734e-01
9.445799628832458883e-02
-3.318637069218878799e-01
7.473088234651037443e-02
4.539758060910525916e-01
2.809051104767631979e-01
3.457708420558191498e-01
1.436359295687738569e-01
-7.853143501741275401e-01
3.853758552999278497e-01
3.377782492518321966e-01
2.870821098420911488e-01
-6.186560574741610807e-01
-5.414277863280787528e-01
7.739677177984529699e-01
-7.640314630249082084e-01
-4.540091647814419318e-01
-2.184977558134293951e-01
-2.541083919467016297e-02
4.842644692726524314e-01
-3.194733525515744410e-02
-3.768354990054904041e-01
-1.000000000000000000e+00
-4.021781238538048031e-01
4.220847011099190804e-01
6.023586801926025247e-01
-2.587961877718170101e-01
2.041509439421194672e-01
-3.412555599202593548e-01
-5.855652165347226268e-02
7.547287155362900624e-01
1.940703118603425148e-01
-2.900366490207079151e-01
-3.608289001824437070e-03
4.122373841810991202e-01
2.580633557681118462e-01
-5.505302515162444621e-01
-4.946122601607688685e-01
1.604133482471931937e-01
-1.154946061799578955e-01
-5.743117960393245847e-01
-1.790442771827565130e-02
2.393954828436303250e-01
7.236937734297794744e-01
-1.393107126169071674e-01
-1.680020923248302100e-01
7.407602070458169097e-02
1.110251539350942951e-01
-7.670254866486168055e-01
6.036183057467674473e-01
4.646456836833129933e-01
2.493776164662325212e-01
4.035364584906880187e-02
4.080807765288875788e-01
3.008351751432915555e-01
-1.875133485681900747e-01
-3.568793624368694073e-01
5.378072203486876646e-01
-2.759282665926954814e-01
-9.399049398384206055e-01
7.949711937774852633e-01
-7.789894925383094026e-01
-1.663307428205833272e-01
7.376283513235723510e-02
3.883224850744873002e-01
7.824669339582157601e-01
5.121266783517030019e-01
5.359560472624083083e-01
-5.762357548538258323e-01
3.826580283370678015e-01
6.189275387104803405e-01
-2.598918399611331309e-01
6.009431758516062261e-02
1.876138692584709555e-01
-1.063150332850685692e-01
-2.822190553960596260e-01
4.433092491721034589e-01
-4.453660929218048597e-02
2.356027176302060433e-01
-8.911154412443889061e-01
-3.056626564259603759e-02
-2.429056129646774975e-01
-9.252415374636550893e-03
1.176718541438281085e-01
-5.474375281494970880e-01
3.174904550898370870e-01
-4.701352850507197756e-01
6.982206926315412399e-02
4.072012949980518548e-01
-7.509782495992702867e-01
4.052042603018415345e-01
4.582224070465690247e-01
-4.616542771539088319e-01
1.879518528982515868e-01
-3.161627597447821403e-01
3.837323882376636464e-01
6.823154875456651780e-01
-8.021689949746736437e-01
4.848217332823633319e-01
3.892229504912028126e-01
-3.358593079664076719e-01
-2.887598465832311723e-01
7.705831428549997364e-01
2.950707511863335797e-01
-1.903931502437574141e-01
4.475013951110074495e-01
5.851706835971041132e-01
4.042993687983524320e-01
-1.100487941628444655e-01
1.898063248811329706e-01
1.127836389514483006e-01
2.190260701592820214e-01
-1.508084596951191902e-01
-8.262836493550826944e-01
-6.535761776595959693e-01
-1.542806730315800408e-02
9.755432242168141088e-02
1.352666593592209976e-01
2.988784586293717904e-01
-4.981436534901468871e-01
-4.591648653038906125e-01
5.610968925889273790e-02
-1.407472370856751587e-01
-3.993738318023873357e-01
1.918782664992384757e-01
2.031034049717615197e-01
-5.997712053460328985e-01
-2.577642617637514455e-01
6.034385060363894188e-02
-7.823315220962992478e-02
-4.843294818693167914e-01
3.058418580876287596e-02
2.834100464558833021e-01
-7.107784959195144747e-01
-5.975191011032972010e-01
-2.713351762439790704e-01
-1.210661027355369734e-01
-1.104948910756506086e-01
-3.983174076039096567e-01
6.312155710714080215e-01
-8.672535083370934705e-01
-2.782421310479583076e-01
-8.816371926212360766e-01
-7.116426046907960989e-01
-3.128083695395590946e-01
-6.982630311137153489e-01
-3.633999823112894489e-01
-6.523085424150750766e-01
7.082867032088031589e-01
-2.244854906413383255e-01
-1.224146660402287284e-02
3.471989240077958949e-01
-7.508824993162266370e-01
4.471947592482855560e-01
-4.082454190149512052e-01
-4.534354465329820671e-01
-1.165230323366513304e-01
-7.185888796001167478e-01
-2.130057517321934379e-01
9.332617694795608543e-02
2.238626671378928235e-01
-4.071804531242294023e-01
-9.583079594286846303e-01
1.802189832493481317e-02
3.646808754243309192e-01
2.675404791014499017e-01
5.448099882263933436e-02
-1.119160339204382792e-01
-2.153590288343873449e-03
-4.276067362475655664e-01
-5.507086940001677533e-01
4.569615671112539079e-01
-4.621725687325302090e-01
-3.899064720233991754e-01
1.134804593599778866e-01
3.475419672095588774e-01
8.074865899536205482e-01
1.134290364953295105e-01
-4.820074963019038705e-01
2.691238878403129919e-01
-5.501174601659002822e-02
5.013791485085457023e-01
4.968456003632177459e-03
-7.324920256114810790e-01
1.092684220112778160e-01
-5.744127980430943081e-01
-4.440624819099296960e-01
3.734401419699332481e-01
-4.454648325779696494e-01
5.162955912298717864e-01
1.906401105503028881e-01
-6.396741885263856897e-01
-2.027346217681802176e-01
-3.795534972585357103e-01
-1.878755100526760535e-01
5.077030045502409772e-01
-1.729520755473769045e-01
6.315084773640099458e-01
-2.932373729854593769e-01
-4.536286500365944718e-01
-3.079938601230250428e-01
7.110346125539021012e-01
-3.290512598667127975e-01
4.999138740521509305e-01
2.675130874848704599e-01
5.853790388755888419e-01
4.689717322294236768e-01
-1.676237206282358283e-01
-4.176013141503794324e-01
-6.807662511192847932e-01
-5.159376168392237894e-01
-5.767298428996102677e-01
-2.274292843203447601e-01
-2.091794289931543649e-01
-5.714647827799923530e-01
3.210314442484215602e-01
-9.936571022582069146e-02
1.218212923378060412e-02
3.506637258899190090e-01
-4.206545097291585211e-01
8.929676120510084969e-01
1.082467166225262595e-01
-4.882092602184497782e-03
9.055815701839128873e-02
1.028862681529316286e-01
-9.471326939517190624e-01
-6.799839937571303117e-02
-5.951172559066069123e-01
