-3.045873344093176782e-01
-2.007379042774568301e-01
-4.184174613835753287e-01
8.143111340909475748e-02
-4.658106179917081979e-01
-4.525520224282479909e-01
2.285847316988222633e-01
-6.114624652878423300e-02
-2.663136232992768804e-01
5.675908811655213659e-01
1.440393887231415371e-01
-3.029211068110384542e-01
3.230856236972673434e-01
3.704822283099805103e-01
-8.036795920578623798e-02
3.598285732593904940e-01
-2.921251672528031862e-01
2.244881126067966026e-01
4.544093213311954926e-01
4.107358748266491943e-01
-6.092135927846996368e-02
-4.152988887583620725e-01
3.911143167808729670e-02
6.516237074867503587e-01
1.866605232923136404e-01
8.494593564689562060e-01
7.656672695039318244e-02
-4.669095708149716417e-01
3.530156585267000824e-01
2.603612523031810511e-03
-2.458714925304477938e-01
-6.574113571372136589e-02
-2.319631482597114824e-01
4.472993914241712998e-01
3.681707337953897263e-01
3.129566978066675165e-01
1.013884686485472773e-02
4.784576349118406235e-01
-2.719728752037544051e-01
3.149829040179465967e-01
-1.371029658636372106e-01
3.107140580719189304e-03
7.244412596373631663e-01
-1.672041914001064777e-01
-4.133494125401490082e-01
-2.851773346512272989e-01
5.174312606158805172e-01
-9.102735695624990520e-01
-2.964049309778680197e-01
-2.707727664821722446e-01
-5.235409477438024428e-02
2.596169922442629896e-01
2.499941511364123792e-01
1.866640781048317932e-01
-3.223722170125304931e-01
6.626495299800897465e-01
2.463991214548679753e-01
-1.303721246101536835e-01
-2.536904899270268077e-01
-4.326020547833487884e-01
7.319027092830695524e-01
-1.460378377578186448e-01
1.362221933299746224e-01
5.846846747832556979e-01
-1.411016134817770218e-01
5.031199777285784158e-01
6.899288232957433431e-01
1.470895472878056276e-01
4.504639253156696999e-01
2.520240986439878372e-01
2.201824427353302749e-01
-3.569091408974701951e-02
-3.023158342707205071e-02
4.223776507347419829e-01
-4.033611102612015831e-01
-4.774220107654333356e-01
4.190160582709628323e-01
-2.596320580768216035e-01
-9.446103626419569133e-02
-4.233561716322971069e-01
-3.551878592141156643e-01
3.959013924500303649e-01
-6.850088459391630025e-01
-2.840007996425829573e-01
4.117562515857752237e-01
2.683893663266624305e-02
-7.200477005236586292e-01
3.324492363732393652e-01
-6.752259078112776702e-01
4.756836247755208413e-01
-2.555501716300984660e-01
-2.179690760515734516e-01
-5.067995255793065201e-01
-5.952239859143940715e-01
-1.713089863824598380e-01
-1.236680607247964692e-01
-3.900543053420769679e-01
-2.304508873512173261e-01
5.297758685370878018e-01
-8.470309092032006770e-01
-6.885674408795784407e-01
5.329114647127509707e-01
-3.019481050585168247e-01
-5.997979795440158135e-01
2.231561038671821956e-02
-5.312477374039958899e-01
-4.321178128058487111e-01
-5.211385700846481173e-02
4.350201588675159381e-01
-4.694981592985656427e-01
5.196948476174541032e-01
2.242272433096497986e-01
5.042176897165578930e-01
4.809886342164984563e-01
7.253180141943929571e-02
-2.872679919606665466e-01
-6.352238601646936766e-02
-2.292397499544920336e-01
3.207756880435005953e-01
-3.784022421013523152e-01
-6.748341543806931631e-01
-7.070978372385147703e-02
4.697925621644322147e-01
-7.798894664167309587e-01
7.180851293751042697e-01
-3.887848038681748081e-02
2.214269658160911425e-01
-2.467038207411791362e-01
2.042169060976983253e-01
3.585254545102949386e-01
7.697082572596326555e-01
-6.305602332913675667e-01
5.351236934726459893e-01
-5.106928255628591096e-01
-1.438408951581169604e-01
-6.266189876155039418e-01
-4.432328776193465436e-01
-1.547250242193219660e-01
4.315780087232488071e-01
4.183313599960467588e-01
5.867848031063199743e-01
1.458906746047392566e-01
-6.160213543682706572e-01
-3.328730974860476532e-01
5.872334294520844544e-01
1.385747219686443710e-01
2.992470235619475449e-01
-2.964526329628466850e-01
6.780746417898390055e-01
-9.890590065554343002e-02
-5.256062830452531420e-01
6.295918934312316750e-01
-6.106985782957936593e-01
-5.077056786071920680e-01
1.087118322874743720e-01
-3.877470042896447033e-01
-5.307787631885732549e-03
3.046192000825252363e-02
1.402544994275628787e-01
-1.692984126272628898e-01
-3.361569107735046247e-01
-9.012702178664887265e-02
4.725988651914906358e-01
-1.464532012214963819e-01
-3.718698125305729407e-01
-5.654206023905729017e-01
-5.453915012305315946e-01
-3.813408043025650063e-01
3.807978271403640314e-01
-5.996406859514983312e-01
7.503158659716624435e-02
1.067599626375483612e-01
-5.887863775428444635e-01
-6.515033452039558082e-01
3.476499490642519508e-01
5.752533836713857873e-01
-3.932753400994921100e-01
1.449171214712825784e-02
8.930164839336476867e-02
1.608450148957248083e-01
-4.990951717496584505e-01
-2.492779838423227756e-01
2.748694216131770673e-01
-2.567551506001342770e-02
1.573406943684099724e-01
5.823002029550111702e-01
1.743362974522593145e-01
-7.355705170995840980e-01
-9.834985553413159998e-02
4.022873246720696239e-01
5.466874808369895922e-01
5.700524161920242916e-01
-1.379543235864552075e-01
7.342484967246530603e-02
-6.153490503631965369e-01
-1.802440770469536935e-01
-3.608454877262732841e-01
7.256122718895888224e-02
-2.311499520750555370e-01
-4.919810515691535047e-01
-2.006352172233942799e-01
7.244021467943300152e-01
8.846043154285039567e-02
-2.289781766053481382e-01
1.316165651407935067e-01
-5.694745660870416115e-01
5.704826896071878428e-01
-7.356620318158341165e-02
1.023266419698251779e-02
-5.503599222577220118e-01
2.991415778808637627e-01
-2.580324828096540735e-01
4.302964734916661094e-01
6.976803748492290680e-01
-5.075037578604351118e-01
-5.212460586400697871e-01
2.003780405595021741e-01
5.787399055430890726e-01
3.553804025115868681e-01
1.152200214654735405e-01
-4.623468172835190071e-01
2.663446695465538916e-01
-3.923511639847723775e-02
7.831355308818125360e-01
3.457244351162871987e-01
-3.714665898992504101e-01
2.943923051625578213e-01
6.402928092663330295e-01
1.988074287234921356e-01
-1.536345010874271555e-01
4.556440258903131646e-01
1.364285053654468727e-01
5.527856519546754388e-01
5.781198978852446491e-01
1.179901544704837074e-01
-4.772228363960408920e-02
3.780759332910639259e-01
3.683940912724029126e-01
3.994444723697567756e-01
-2.911256093190749961e-01
6.604187877882555791e-03
-7.828927217407974926e-01
-1.846186325724179789e-01
-1.057597536672456873e-01
-1.608670152504335094e-01
4.969411983857549009e-01
-2.629444322462489159e-01
8.691704709021592645e-01
-4.362150973404824161e-03
2.899134107473089195e-02
-6.679277662446041486e-01
-3.347753337823000108e-01
-2.593594675029894936e-01
-3.132448597221684228e-01
-1.754487528746877523e-01
-1.911931542937250483e-01
3.937418857094385910e-02
5.778522923868899541e-01
2.318711784675710486e-01
3.563418776467597304e-02
4.270154547139887180e-01
-1.143714507144639181e-01
2.122950784172612793e-02
-5.062429131890467948e-01
-4.125194988315639688e-01
