-3.124405189656977444e-01
2.710550967741704453e-01
-6.305707459728392417e-01
-1.026104933406401659e-01
-1.895244871027453037e-01
-1.347801733173362680e-02
-4.025203107815754078e-01
1.162011493032216458e-01
-5.615513314017888113e-01
-1.563137572985331680e-01
-3.701094444950516760e-01
2.093206417658246832e-01
2.733596010288066175e-02
1.386299767449674369e-01
6.109051149673199177e-01
-7.195978613787347433e-02
-2.691082791594335832e-01
1.816945105913523872e-01
4.037514467843487664e-01
7.775822962142256434e-04
-7.480035114248781980e-01
7.307794013455518600e-01
-1.663525888195017677e-01
-7.708114196142905605e-01
-1.801627318419853352e-01
4.991757148621306928e-01
-2.090067048069654265e-01
-2.010415105745201603e-01
9.947267499489631515e-02
1.469406021630151882e-01
1.617124857578775832e-01
-4.848930462309521960e-01
1.827873888376996825e-01
4.894868437215774692e-01
4.382870336161323044e-01
-2.266736463265569268e-01
1.648910698195130420e-01
8.110311607015099900e-02
-4.574712630522550505e-01
-4.040323079499601455e-01
-2.598469003336515426e-01
5.837957283040227929e-04
-1.637739694845474769e-01
1.497904561474260321e-01
5.679071784756679619e-01
-6.822746075301842905e-02
4.033076358647611492e-01
-4.861081528274913133e-01
1.463575379810246879e-01
-2.229842820829231465e-01
5.728712919081080379e-01
-1.017660153673850820e-02
-5.605287247710551979e-01
2.160056756860925797e-01
3.255529052339020124e-01
6.351832897354687812e-01
-1.568805015607053488e-01
-8.545336037231915371e-02
-1.837932952568814837e-01
4.414131165655749145e-01
-5.006067259154456384e-01
3.577499482923960916e-01
-1.263551741318909571e-01
-3.510729653580971221e-02
-4.436498377035336671e-01
1.208176807720001134e-01
-3.632018701732529498e-01
-1.407717149219734620e-01
-3.043100158948391365e-01
-6.831478657197841420e-01
-4.075037230976347735e-01
-3.491076163422172640e-01
1.813011235373130081e-01
1.811355217507673240e-02
5.875889187210746600e-01
-2.172682594950833476e-02
-4.655096540106241076e-01
-7.987206683106548577e-02
5.368967453826647418e-01
4.562489301853361878e-01
1.437585916461476265e-01
2.916362512634878001e-01
3.049725844060414692e-01
-4.240199834475370522e-01
2.804263195825240640e-01
-4.680478900679373999e-01
5.121495605588981537e-01
4.019934876094823917e-01
4.526682502612646708e-01
3.466853926607250669e-01
-4.093901749550783037e-02
1.531156364026753022e-02
1.014624781465169046e-01
5.358159905696557868e-01
4.902818688282816195e-01
-5.169699224488611966e-01
2.748179342006465409e-02
-3.325683950161836266e-01
4.651539439923260133e-01
-1.881034128143371231e-01
3.150601201487377434e-01
9.602898498940366789e-02
6.003573022390810143e-01
1.540536621685092977e-01
1.164114675684076172e-02
-6.553910299581195975e-01
-4.362204064650414548e-01
3.588442245666980113e-01
-1.695731543691157417e-01
-4.166309067131213073e-02
-3.364405666647208859e-01
1.707845117811098434e-01
2.867379111796546920e-01
-1.403772087268505275e-02
2.162256802808189549e-01
-1.406793451252713600e-01
-5.078442466860728643e-01
-3.056926105315712627e-01
-2.330880065632962295e-01
3.656786167211799055e-01
4.318994851253109557e-01
-4.850264552781254901e-01
6.682525742341897945e-03
-4.369172934720774171e-01
2.160215293279373339e-01
1.380853827785314403e-01
3.505985065070656159e-02
-2.924688529036317264e-01
-4.029474282819872077e-01
4.466742533111354718e-01
-1.488380987667132782e-01
-7.784586275483581508e-01
3.377111034624300512e-01
-3.832931244960567918e-01
-3.816943733363336033e-01
-9.631670451059062832e-02
-9.331285894403773540e-02
3.212551030662706975e-01
2.213883366618328297e-01
-3.851881723784196243e-01
-5.902523956892210544e-01
-1.956432411752193623e-01
-2.365813274375957453e-01
-3.425323549056477068e-01
2.303148555730096525e-01
-4.951423889880940399e-01
-2.845248146129628619e-01
7.239909198720300143e-01
3.476740842778289764e-01
-4.774420530187881706e-01
1.537000112692740728e-02
6.615267357069633258e-02
2.168569265480264907e-01
-5.518019244346260288e-02
3.381736960219272614e-01
-7.676172749449947097e-02
4.729716323571068193e-01
5.540585792816301591e-01
-3.438940122983557557e-01
9.551832866191073412e-02
-5.953347781843533193e-01
2.464461197183062113e-01
2.873470885383827000e-01
1.718286398926763547e-01
-3.116556769603975319e-01
-3.999784437908563417e-01
5.956933250613054565e-01
-5.139632344099751560e-01
-9.442060030294617545e-02
-3.510517591781704416e-01
6.685474809727768308e-01
-9.405927934895678966e-02
4.092418541665512888e-01
3.938438557567729842e-02
3.606960980676565676e-01
-6.083160210815743429e-01
4.286233646676024245e-01
3.058868309618851811e-01
4.690304497761475511e-01
-2.578209290685714583e-01
1.197440016668504040e-02
6.128160587852924390e-01
-8.715357591710554130e-02
-3.521728241051024777e-01
6.814431673060565853e-01
8.029280682655839940e-02
-3.519645151442089837e-02
2.449492527060782576e-01
3.275925745926566157e-01
5.441809445254121025e-01
6.046893175265735110e-01
2.601200794633335978e-01
3.627541747538762240e-01
2.870557522051446764e-01
1.931609153611971164e-01
-5.538307024675422074e-02
-1.400966817242394746e-01
-2.401308988279877155e-01
-3.488853269422331760e-01
-4.797624360853727232e-01
-3.337814284357871752e-01
-3.004075492684420839e-02
-2.471607714187155080e-01
-1.619591985272843260e-01
2.963450404744142341e-01
-1.204846378492888948e-01
3.250678726748936209e-01
1.305633620796063932e-01
5.735998704451143043e-02
-3.941348164528379883e-01
-5.880023682507087290e-01
1.826591343228472220e-01
6.262279883504610067e-01
5.569631357654024340e-02
6.425781369632728446e-02
6.906032148724379205e-01
-3.377984915148965483e-02
9.927241249548188207e-02
1.838150405452909086e-01
-2.750976576156859421e-01
1.114385570991860280e-01
5.603072674748222903e-01
-5.025082424872719111e-02
4.928481394630599421e-01
4.836585878980340092e-02
-6.182168295651365719e-01
-5.125070107561388033e-01
2.023784569733736438e-01
3.155815258359042641e-01
1.947193115893044169e-01
-4.247349009032168610e-01
-3.962526050590359228e-03
-4.903760496847897055e-01
-1.860976979154565225e-01
-2.483038981404202539e-01
-1.991487172311790510e-01
-3.650124502946864302e-01
6.499778814464833854e-01
-2.520133251515888628e-01
6.332748043813325456e-01
8.474394110776270472e-02
-3.729151870597784413e-01
-3.176776245339656413e-01
5.337641805530645156e-01
-2.230082801802661108e-01
1.070298950075597721e-01
3.533339895413463716e-01
-6.133773298349622927e-01
-3.202480401436393898e-01
6.902705045800464623e-01
-7.970696563123553791e-01
-3.237645289492445122e-01
1.041048750114249855e-01
5.366183436885110236e-01
-3.535813725040850009e-01
3.108380975114201084e-01
1.568723126626823394e-01
-4.730443159124800845e-01
3.765838330536251943e-01
2.547619714443414840e-01
-1.184985015553590981e-01
1.708422383856653681e-01
7.020608498274936160e-01
5.894337242183314562e-02
4.487804687267078485e-01
