-4.090467873986197711e-01
1.051685466064422175e-01
-6.418123499048102032e-02
-2.111946250972203398e-01
2.138427207044324430e-02
4.457763798763182406e-01
1.662545957827370469e-01
-1.869529808794470060e-01
1.053775143789415503e-01
-2.339249377627538040e-01
-7.208237421119090271e-06
2.417294593489419663e-01
3.006308596058336335e-01
6.761973786289231236e-02
-2.640353501797275682e-01
-1.478378842449371011e-01
-5.237109081181209186e-02
-3.188053712717813237e-01
-4.375075921705245952e-03
5.984547121495150668e-01
2.320395988627493578e-01
-9.032693364537505709e-02
7.856447707234931466e-02
3.476481402204245064e-01
-3.032336806462584411e-01
-1.456870414601831032e-02
-2.587982536403072298e-01
3.301990771891787357e-01
1.130076478029441583e-01
-3.272029987256522277e-02
1.942870113465313409e-01
3.562330693526794545e-01
-4.016561700164165694e-01
-3.329136913381274265e-01
1.040593718865224782e-01
1.762538576170841476e-01
2.454822032799078291e-03
5.072111264312488821e-01
1.955968567090524690e-01
-2.795061628797428088e-02
-4.703881824732145667e-01
-1.930673993970857538e-01
-1.190294244971279308e-01
-1.346888265450204569e-01
3.728087003792883714e-01
9.731385039887531507e-02
2.193676968702656382e-01
-2.299484791959823804e-01
4.517837632237268197e-01
7.747961231504363333e-02
-1.070708394971889299e-02
-3.010941244548165918e-01
-3.051632781581928300e-01
2.103777571170529215e-01
-3.256945842022755944e-01
3.289852908714057111e-01
-1.785881245390223693e-02
-1.302138434368077524e-01
1.455186251999956298e-02
2.182199869044910701e-01
1.693155452161453356e-01
3.799372564715464834e-02
-2.143595033679646655e-01
5.053553697999833005e-01
-7.374676596337323420e-02
-3.266292735594714669e-01
-2.611486733962011808e-01
3.623222661377161202e-01
3.377283989314296409e-01
-1.491853610713941569e-01
-3.942559819653030373e-01
2.822310453850255252e-01
-2.715812260002383183e-01
-3.248600760352676753e-01
3.244911114467013274e-02
3.218163921566435937e-01
1.953513395175958123e-01
3.109110759966918214e-01
-4.162426547243578412e-01
4.318226052711861274e-02
-3.062329746208731218e-01
-1.466937706446848344e-01
-1.969531897237217777e-01
3.674813280255155301e-01
3.335234540903741496e-01
-1.309525255384451914e-01
-1.564008191904684153e-01
3.042747538303424149e-01
-4.808481542269585005e-03
2.082575073338756577e-01
-5.116415778764451527e-01
2.941930708906762004e-01
3.337555294413693807e-01
-1.314301430927945213e-01
-1.191479260950094737e-01
3.632328420401237934e-01
-3.294127382708207930e-01
1.224476173913181670e-01
3.908751423057518215e-01
-1.723737019045699578e-02
-4.123387459736194138e-02
1.505856209677803315e-01
1.353120593329076859e-01
-2.427899633445163852e-01
1.073136245766620755e-01
-6.499218440044740586e-02
-1.878153753137498105e-01
3.633370851929437206e-01
-1.109563333822616987e-01
-1.190572544799737148e-01
-4.184242137266747652e-01
-4.043126529266376501e-01
2.030878759723750981e-01
5.327220302244904671e-02
-5.448008707413179996e-01
1.592608911625656987e-01
6.721719738170497949e-02
2.075355481020116910e-01
2.078176927192451062e-01
4.739071107552633721e-02
-2.772811852051285109e-01
4.198286691494612644e-02
4.374892606132058798e-02
4.161698402185217138e-01
6.910964690690279966e-02
-2.522367126780764024e-01
-1.759438606863970300e-01
-2.000700767143467340e-01
3.020802728375217017e-01
4.803468147907115071e-01
4.499383746328989853e-01
-3.752624669867785090e-02
-2.474537529469205688e-01
-1.853768307149879502e-01
-2.883259991956671486e-01
1.295540106550798105e-02
-8.593152428995183556e-02
-1.790976201616155949e-01
1.564132456203735366e-01
-4.731601383978896458e-02
3.353670016752589023e-01
2.758819090741310709e-01
-1.375061263457571514e-01
-3.895875239518634126e-01
-3.097156066071475866e-01
-3.931331071073830286e-01
-1.148039041567652796e-02
-5.646537864648870642e-01
2.184171844052503753e-01
-1.670374324994004234e-01
-7.791593377322483804e-02
-2.395396681598633282e-01
5.510784704644811072e-02
9.335748553491829416e-02
3.795768000297654599e-01
-5.624929439835842093e-02
-7.173039680724060951e-02
5.316571113844259511e-02
-1.928108257973926987e-01
-1.671762874097768303e-01
-5.002403692376690414e-02
2.026705394300710728e-01
1.294441808627393997e-01
1.436947054859954165e-01
-2.511854682775004899e-01
1.234763361656308484e-01
-1.945567622197268143e-01
-2.763769675292452321e-01
2.377345763157772685e-01
2.167567704728005085e-01
-2.687281263257710329e-01
9.071367287004049318e-02
-4.372823403400118436e-01
5.670522990882401193e-02
8.192489097611606319e-02
1.691933653020327374e-02
2.397095341054163997e-01
-2.257499411741464013e-01
3.285487372390620275e-01
-1.306398618080441831e-01
-7.851009154497273768e-02
-8.067598217334986943e-02
1.367847207758792760e-01
1.981678363173615121e-01
-1.788512645659327549e-01
3.101099291292207932e-02
1.974527138977533181e-01
2.542059069378425629e-01
1.419346054750053598e-01
-8.101316220069537666e-02
3.100897906906731061e-01
-1.740034475981282469e-01
3.008257216680439994e-01
1.568747343167457564e-01
5.291929722481447662e-01
-3.137471174728164169e-01
-4.420513787060444122e-02
-1.962122515764037900e-01
-2.250173189186512601e-01
-8.865155780240420447e-02
1.759568878940713232e-01
-2.466293586549808681e-01
1.462844337785753068e-01
-3.931186999854455744e-01
3.875504785204634262e-01
-1.322771691417293782e-01
1.179734444474836615e-02
-1.723236715726995105e-01
3.535013583132222692e-01
-5.051897995818115106e-02
-2.198061915430938318e-01
-1.880763106503165749e-01
-2.901944726493050908e-01
1.761026473419387839e-01
-4.535167368048543812e-01
-2.882742104014511808e-01
-3.509415379165319870e-01
4.650950086936613270e-01
2.215961893467295607e-01
-6.933346975131479684e-02
-1.928691851123763290e-01
-1.092252504882537112e-01
1.286538974040359606e-01
2.680109587897567813e-01
1.352465727020095432e-01
-5.150002209290394095e-02
-4.095630587698997349e-01
-3.005637549470515091e-01
-4.154744973020754392e-03
1.181717788935010283e-01
-2.760774641679466512e-01
1.518405341338721071e-01
4.225653890243886157e-01
2.817794758433007085e-01
-3.200036088164782688e-01
8.445948540857055320e-03
1.174280136410887077e-01
-8.861839514289181208e-02
-2.801445888686008856e-01
5.210638680472212680e-01
1.398762776361345272e-02
-3.169723203193579586e-01
4.329351753803896141e-01
6.574340293239420985e-02
9.758396664377642221e-03
-1.234551597554418290e-01
-1.576353874551075229e-01
-1.693361622195916072e-01
-3.562000246795579694e-03
5.731983471157763022e-02
-2.552134474797803643e-01
-2.242861704469903406e-02
4.646121268610369781e-01
2.408033769757774722e-01
-3.095942894942794316e-02
2.186970261222180578e-01
-1.350570742871003427e-01
4.502667422291668775e-02
5.092212962451041214e-02
2.013453081609876683e-01
-1.525480155529239101e-01
2.896095881151583562e-01
1.919820462869938626e-01
4.151494762012548634e-01
1.943605745109317773e-01
