1.492976291804567202e-01
-5.503057499797865404e-01
-1.751845450175580077e-01
-1.067916600421315587e-01
-4.158985680038084221e-01
-6.078006038809685707e-01
8.528893911704188424e-01
-4.177740088872527319e-02
3.025825390844033569e-01
1.778835311300612509e-01
3.268322037571203542e-01
-1.411306100549973852e-01
1.665409839943970127e-01
-1.852843819562675354e-01
-3.496247045116036567e-01
2.812307572769829345e-01
-3.214673167037402357e-01
-6.417516042039849156e-01
6.044372911602003962e-01
7.240563786343386932e-01
-3.831686001465183233e-01
6.485947642744295250e-01
1.076878422559471478e-02
-2.221322832108160450e-01
-4.397695697316924557e-01
-3.908018860309369069e-01
3.657486627616251401e-02
1.504582820466337373e-02
-1.714520738372057318e-01
7.700783697522648463e-01
2.792686865751667913e-01
2.078922414253206730e-01
-4.649503380920221307e-01
1.009463523532134477e-01
-3.171385864089253381e-01
1.578758025455971603e-01
4.740928005623288866e-01
5.182958193769769961e-01
3.008167356723325803e-01
3.315344335476080873e-01
-1.268537329682336012e-01
-3.278330540908933055e-02
6.340762840310848469e-01
-4.602258678148042348e-01
1.001009567478805540e-01
3.773277546842425112e-01
-2.513987046439810635e-01
-3.165067648027001246e-01
-3.719173351321285459e-01
7.973449447413671898e-01
-5.113736777691381130e-01
-4.563734346278043863e-01
-4.456701913036407170e-01
7.918983724422726245e-02
3.297052859096585853e-01
2.982152373678639279e-01
-2.571862107465507363e-01
6.043844263700735020e-01
-2.630640782909883790e-01
-5.055904730250407875e-01
-3.956989237524238812e-01
6.736119815117386223e-02
8.428698980704892874e-01
2.467726617442080328e-01
4.980632559939116577e-01
7.235163212761369905e-04
-3.227828937877642024e-01
5.123776594352785763e-01
-2.045831177818320523e-01
4.113695756526946079e-01
-5.845911472283719101e-01
-4.284114749566921843e-01
1.535141553873170354e-02
-6.183634178946224580e-01
-5.700269523503260771e-01
5.688107726549901377e-01
6.886167861834420201e-01
-4.507055438922340507e-01
9.349295376973021376e-02
-3.554791548511993665e-02
-8.891132251804226283e-02
-7.939031378924352733e-01
1.045285563222074776e-01
2.235815010264382077e-02
-2.930023818422230475e-01
3.463112203605077100e-01
4.715625358051236393e-01
1.821973749124730646e-01
-6.122195945694907104e-01
4.579333451903683794e-01
7.111329303296116677e-01
2.809678499529886797e-01
1.852167345063403248e-01
-1.132750427420163852e-01
-1.446318016527863848e-01
5.122108002332563803e-01
-5.185966625465194824e-01
-5.299056667215358285e-01
-5.156252983324713934e-01
-1.680973615137530131e-01
5.717770626568294823e-01
-7.910737644859996420e-01
4.653374335073539037e-01
5.142004492152678630e-01
-3.204936270629912820e-01
4.749825288049562833e-01
-7.646635302689059888e-01
-5.396312698418532783e-01
2.667564041353486654e-02
-6.272936565892656136e-01
-2.812577680080257658e-01
-5.130986550384734057e-01
-7.716542650787575064e-02
6.381685898916069632e-01
6.467089014599203267e-01
-7.734370519051614323e-01
1.661739533585469483e-02
3.848629193984954289e-01
2.413280649238528641e-01
-2.866370413023290598e-02
5.164057321531025924e-01
-6.055465524842603559e-02
-1.733962367409764282e-01
-2.159213122860005329e-01
4.006369944754525556e-03
-3.173013261571794863e-01
-1.415985722742990893e-01
7.296929298810647113e-01
-4.950830201566886468e-01
-6.491214457557787920e-01
-2.383828130884867169e-01
5.565627959105569067e-01
-5.599389039508110288e-01
7.552574513292634739e-01
5.740582267104088476e-01
1.491758498075219236e-03
-5.753676705852899254e-01
-1.455341502279614840e-01
7.026443377025620718e-02
2.854248310967587576e-01
-3.362005898685107574e-01
-3.955895034733682425e-01
-2.972924096311950759e-01
-4.063423299370605424e-02
3.959968340494040562e-01
5.229867083858487087e-01
6.067624279495150708e-01
7.482820141111369283e-01
1.894620522910808735e-02
2.012023398855680989e-01
5.378447021867460709e-01
-4.783240052557148347e-01
-5.569522348800195477e-01
-1.751572636347078771e-01
-1.576414578031813396e-01
5.570533035235273323e-01
-8.046163568016782008e-01
-2.268448230862439852e-01
5.487364992451175816e-01
-5.523618422273841588e-01
6.034689090126502675e-01
1.116343674539702069e-01
-6.485477164189952237e-01
-1.853571914736702186e-01
7.077339097276416080e-01
1.011376972572877175e-01
-5.039195029244227797e-01
5.013503694815604206e-01
2.747039695427727635e-01
7.011440187348819686e-01
5.958254934987887719e-01
-4.708025198795861010e-01
6.152371961014929669e-01
5.801602933718424948e-01
6.227146904270415284e-01
5.468262042857500171e-01
-6.041775822438896215e-01
-2.199587171658936302e-01
1.453765706229375176e-01
2.997011558495035061e-02
6.960102881716094814e-01
-3.983765215001302540e-01
8.686445644499702912e-01
9.538277033611017308e-02
1.069015400154026685e-01
3.845057164086304047e-01
6.681087983986275791e-01
-5.210969495951198183e-02
2.898562910767591427e-01
7.626610918106883075e-01
-4.796494342808708955e-02
-6.755224220314907102e-01
2.651866201666415179e-01
-3.728654115982346084e-01
-7.095531497627035611e-01
-7.016968043201039507e-01
-2.087998130669190544e-01
2.978862801759610268e-01
6.919618629674295640e-01
1.066761516769013651e-01
1.299389905710598425e-01
-1.947093958328654506e-01
7.630252807214681354e-01
-3.557907980605904408e-01
2.044174440347502342e-01
-2.626231072234901376e-01
3.473034200657748038e-01
3.713277356721631506e-01
-2.305216778604985972e-01
5.005836698446578525e-01
4.930070446301822451e-01
-5.589353089692639109e-01
-3.495627293292299376e-01
3.219165833216393047e-01
-4.109332679588663662e-01
-3.753821264554871862e-01
-4.809707096090893863e-01
5.532150720388424592e-01
5.579154104031047723e-01
6.761880765795448278e-01
-1.330794492570979148e-01
5.758563420919136089e-01
1.916868378868652190e-01
-3.833760620083325743e-01
2.501219743612361768e-01
-5.453214497960180429e-01
2.991557349978193892e-01
-1.796383107835260728e-01
-5.929629654163586228e-01
1.935946623970967173e-01
3.543913714687650929e-01
6.589323324408391525e-01
2.812408127454901208e-01
-2.580778763267574036e-02
1.912075473390463520e-02
-5.626625067212028819e-01
-8.564691359421588990e-03
-8.254264336297047200e-02
-2.500265085729634351e-01
5.159340190788991309e-01
1.037528377612786934e-01
-1.529176890835128866e-01
5.777008069647807664e-01
4.356657255828723097e-01
6.522247143763851840e-01
2.723400059136185103e-01
1.809448451192777751e-01
-3.885321005220968016e-01
6.023832304774953128e-01
-4.929135191094319302e-02
-3.978128894464247889e-01
3.575717401252087035e-01
-1.586703656740772184e-01
6.908764433380931713e-01
-4.163221770328172089e-01
9.513251776839684593e-02
-7.796498629470773878e-01
-1.256491029392177994e-01
1.530329265386570492e-01
1.678908551828308948e-01
-3.106984649406865917e-01
5.032819138248507684e-01
2.255441957114247553e-01
-3.891440523452857625e-01
2.671398952299856022e-01
