4.187473232600161799e-01
6.638746134102546659e-01
-5.349789742771765555e-02
-3.417769652613549258e-01
8.529833722364817128e-02
5.122455450999201521e-01
9.920104193168861606e-01
3.805035755899668359e-01
6.278440017455400035e-01
-4.284066570639961102e-01
-8.678305672200029575e-01
-9.396508322669365476e-02
-3.202999936968875527e-02
-3.938051314289662819e-01
5.445842643376946901e-01
8.406913853661671099e-03
-4.882391833748909726e-01
4.333473329945589786e-02
-6.647224119970422951e-01
6.171725313566009952e-01
-7.451284046032571329e-01
-5.571260359454520694e-01
3.105807739004260437e-01
-4.967323962394579739e-01
4.365856966547490003e-01
2.364369293316653520e-01
-6.277781641921575950e-01
-3.969391753640045262e-01
-1.900177586742857749e-01
6.575649359345751011e-01
-7.757636814672579373e-01
-6.149121024094880150e-01
-2.694769155962912777e-01
6.198976100354577218e-02
4.675351484321571549e-01
-3.438699275981682568e-01
7.293182476452817475e-01
2.261699980688761658e-01
1.542500742814643666e-01
-7.607473427812080358e-01
-7.065554572989051207e-01
3.379674079527300590e-02
-2.761117252102361294e-02
-3.702930422238664421e-01
-2.263356938938856366e-01
-6.252481033000584221e-02
7.440641237228849958e-01
-1.563919252320866704e-01
-3.377212660410444656e-01
1.854461448144939517e-02
-8.117295473849148735e-01
-3.010224793159309575e-01
-1.607668371850302091e-01
-9.977684164539887823e-02
4.815692796614102211e-01
-2.601080574795204825e-01
-4.290140923246715254e-01
-4.547379455918765245e-01
-1.347329403108553092e-01
-2.678850186835541880e-01
-8.298847023386551891e-02
-8.439083895004417801e-02
-4.904129694541939921e-01
-1.571725897006769623e-01
5.709513310420449850e-01
-5.715525903366737159e-01
1.900205057531840491e-01
-5.154110633020204668e-01
-3.141240815566025413e-01
-2.295229468453886812e-01
-1.914703554840323230e-01
5.561097298126432831e-01
-6.087626640492425079e-01
-6.960458216639053841e-01
-2.141888495645755119e-02
-1.860038213785066008e-01
-3.696787358410761337e-01
2.043675737027793315e-01
-7.451264087227794652e-01
5.401472868314829423e-01
-3.139995708628053328e-01
-5.771665839245899710e-01
-3.700154845075053212e-01
-3.513619685754524463e-02
5.732601590861990948e-01
-2.342557904946704350e-01
6.521204490702702250e-01
-8.005364143847175651e-01
-4.445260181818246892e-01
4.990418458330098117e-01
-5.214328962371361786e-01
7.623920290461856375e-01
4.637651034224582469e-01
1.661508133420991906e-01
-4.122301097329602593e-01
-7.593640135527320034e-02
4.028862581705580093e-01
5.718610385973129651e-01
-8.172932078514283383e-01
-3.187012888402982469e-01
-2.494169920792749795e-01
-2.661040760391979454e-01
2.248253086014810886e-01
-2.460762073314514964e-01
-5.192081410584844514e-01
4.119304471416052049e-01
2.400210662406790096e-01
2.102604286965282232e-01
-2.708488107480883644e-01
6.167956743675877540e-01
1.143712958501353766e-01
-4.115786096677576111e-01
-8.939479759183188712e-02
-3.557699886563622793e-02
-3.552166939603382811e-01
-2.722267273526451925e-01
-6.454468488388487302e-01
7.800241017172700186e-02
1.028064006263138819e-01
3.960253336576985417e-01
-5.265301356209677319e-01
2.455219445175478576e-02
3.521862387178606446e-02
6.592121957945165089e-01
-3.606689641157098114e-01
3.220806765037786401e-01
-3.230579102244829914e-01
3.775730649310543585e-01
-6.427755876645974142e-02
2.449332685209011651e-02
-2.117091397588592439e-01
-4.136876233232392730e-01
-1.742090124735901080e-01
-3.648141078878772703e-01
-3.973744546265819966e-01
4.055402869293948109e-01
5.752852092583116139e-01
5.957406667491851326e-01
-3.492306184439351591e-01
-3.685262017327334272e-02
1.323874725987147505e-01
-1.458202046126522711e-01
7.644597471048173443e-01
3.516039626704521304e-01
1.090328678552939662e-01
6.534705874196992115e-01
-7.292085051792517314e-01
2.509219143855166978e-01
4.834948595921962355e-01
5.865928758500863482e-01
6.727763679425096122e-01
-1.307883850210680154e-01
-9.414795544316302556e-02
4.270680369206382443e-02
-8.175108859441992948e-01
9.132336700706979171e-02
1.733027133092557015e-01
1.253931069643663965e-01
6.788301600155629556e-01
2.240966022454394246e-01
-6.477773369185507724e-01
-7.069500088545604966e-01
-2.883708743168653110e-02
-7.199966484825018331e-02
4.421442916217039887e-01
1.214430090162646469e-02
5.976900812417849096e-01
3.273153405272209993e-01
9.725421657714454493e-02
1.395434801481438836e-01
7.360509147869942481e-01
-1.461902391969602255e-01
-2.156277285589568160e-01
-2.578704127298906551e-02
-7.541691391810527723e-01
-7.572042262449397709e-01
6.393619616334137445e-01
2.708105128539449735e-01
4.284870613830123465e-01
-7.594190542803659627e-02
6.464350864039271338e-02
-7.573598170139266283e-01
5.256021232262986231e-01
-4.363954874915716431e-01
-1.918162427891579869e-01
-4.569772263285006852e-01
-8.369219900663751877e-02
9.555725157167487271e-01
8.104342528454604455e-01
-3.366400259771848980e-01
6.919656328486756269e-01
-7.325273899577838810e-02
-3.075024618019751022e-01
5.809268898594157626e-01
-6.670591014653847184e-01
-4.867947052902134031e-01
7.760863575937895220e-01
-8.328486762163643808e-01
2.440432229457896174e-01
-4.462463592546067614e-01
8.500532210289990509e-01
-2.626933392315878857e-01
-5.752675236039453965e-01
-5.285887074529956042e-02
4.117468088097455681e-01
1.304512002584859720e-01
6.135095363579016331e-02
1.921593096008784030e-01
-7.066571933462337252e-02
-5.353669168734649375e-01
-5.459026964869688747e-01
-3.546779920340615289e-01
1.546705046001042860e-01
6.311560215534265383e-01
6.969725731566766003e-01
-4.183727965838210938e-01
-2.624997160497486437e-01
2.140453519684166750e-01
-2.311710622955026051e-01
-8.121607514170998687e-01
4.592446477705093844e-01
5.484190074677258719e-01
4.645442336511829695e-01
-4.171479891890758074e-01
-4.286371551800408075e-01
5.674789533933310981e-01
1.516010155727861575e-01
-4.587789924238616646e-01
-4.387982980281496803e-01
-4.979998611835848021e-01
-9.109651732465801066e-01
-9.004528852686927154e-02
-5.265591826482505233e-01
-1.256543859995350454e-01
9.424724921849796794e-03
7.369667601307761107e-01
-5.843151400431642051e-01
1.022395548133973181e-01
-3.942313626723583098e-01
-2.906745857947702627e-02
-3.815755611353895405e-01
-1.785057796859741974e-01
3.490516548047235545e-01
3.382091902978890396e-01
-6.923723498499824158e-01
-1.185011612517883617e-01
5.184405040763918615e-01
-4.078963193667448084e-01
5.430244843603978522e-01
-7.817777988049424975e-03
-8.000390506001358037e-01
-2.541111658930357842e-01
2.850185670544139183e-01
4.732068548013348419e-01
1.411105684710922403e-01
6.341623688118721569e-01
1.414943781201178918e-01
7.174466593422363925e-01
-4.312136234822399050e-01
2.914072164437906953e-01
-9.579442930526484989e-01
-2.806063493532860442e-01
2.582823777985625568e-01
4.151316458245538077e-01
-3.751993468327938230e-01
