-4.584195874173802032e-01
6.297188250240745577e-02
2.130488096091848194e-01
-2.637841195755743495e-01
-1.484681881134241599e-01
5.409831769572460286e-02
3.061705385641115273e-01
-6.319359340246377688e-02
3.415830625223596484e-01
-1.109622353663180516e-01
2.864394675816827052e-01
-5.817888804924575830e-02
-2.372315684564177962e-01
-2.610658991245158947e-02
1.845418949355448757e-01
-2.490042658989240765e-01
-1.524254439996786947e-01
-1.480553660535277871e-01
1.094566153123252839e-01
7.214496802380147011e-01
-3.068158791097581051e-01
-5.913087566216206764e-02
-9.911020236161438568e-02
-2.679129922087402083e-01
2.540185531093289845e-02
7.624968885866155455e-02
-2.752440115411988741e-01
3.988614875527198844e-01
-2.918015079527490618e-01
-2.118996690548850537e-01
2.643138402815616017e-02
-5.481371806497514765e-02
-2.889561276142772056e-02
1.538712263535129687e-01
-3.712315336616617278e-02
-1.221652166014386247e-02
7.435212788866496503e-03
-2.135188269473810851e-01
1.015312201970165612e-01
-1.622512306104218482e-01
-5.784727357318727309e-02
-2.651159804323248714e-01
4.739529588644153524e-02
-4.990089802304985556e-01
3.043501326725006617e-01
-8.971137698025438700e-02
-4.732046175010585776e-01
2.051133395624447076e-01
1.816237205392275678e-01
-2.011108957070106007e-01
-1.060079989000518169e-01
4.580523214437293156e-01
5.399408906805979597e-02
5.059045541360374099e-01
-7.753455731740452328e-03
-8.785664209606779129e-02
-2.215051691806784184e-01
-2.114582170397976690e-01
-1.142605647052097606e-01
-7.153253689894506495e-02
-2.453438687724928957e-01
1.302091344354157007e-02
-2.126622741899073799e-01
2.576711556593360153e-01
-3.972491886166996666e-01
5.760678505991306819e-01
4.159260170244609145e-01
-8.857232428451004835e-02
-2.006906548376732186e-02
2.508341775871350543e-01
-1.860586867837027425e-02
-5.570506349348197661e-02
4.464342977953577041e-01
-2.611038822964253381e-01
5.930393963736934476e-02
-5.191764005863153120e-01
-1.901744155241468642e-02
-2.843795557924561068e-01
-5.114781302230368976e-01
-8.689101191310974470e-02
3.875320126461952452e-01
-1.476574490259289218e-01
-1.146042821318341842e-01
-7.485413521805661663e-02
9.838905074426221309e-02
-3.711115522999201555e-01
2.192274240903123450e-02
-9.347141688615481780e-02
3.836508880131713761e-01
9.090720721411241212e-02
-2.920170083635961061e-02
2.189966297876370926e-01
-3.784931488532861099e-01
-2.561560180176126744e-01
2.048348279345844625e-01
-2.617852986193077713e-01
-1.653345477786798967e-01
1.010416114349492744e-01
-1.796215513173226586e-01
2.742113881629289485e-01
2.932464842484589496e-01
-1.129299077614200064e-01
3.975923396667153664e-01
6.609261246643502452e-03
-5.345442553828334553e-01
1.671359688630565665e-01
2.685366499142666230e-03
2.880263834052079752e-01
4.056720491648916904e-01
-2.746366447002811517e-01
-1.017435075008687878e-01
5.595257890345706198e-03
-1.262162851580054257e-01
-3.221938839073013039e-01
7.834041444275198496e-02
2.884086584205026171e-01
2.541541110344918142e-01
-2.263236331164995840e-02
4.026631696294006857e-01
-3.566418495968490809e-01
-9.606241477120311401e-02
-3.387062574813799465e-01
1.783948994104790353e-01
2.524727770601588039e-01
1.505832689273568226e-01
-2.875823683394436170e-01
8.196713705012842466e-02
1.382214997246756227e-01
-3.934408136792992838e-01
-3.629879383830614259e-01
3.706377321426168048e-01
1.184181977187650225e-01
1.106620211026013711e-01
2.364540624596982721e-01
2.298752355124845936e-01
1.997628261705133301e-01
-5.220030516387005326e-01
-1.119718658841232090e-01
2.585748744212344463e-01
-5.306449415452286350e-02
-1.376222061469262181e-01
-8.068720423628071570e-02
-3.124769341892774666e-02
-3.709982337847342326e-01
-2.247399590006943504e-01
-1.286755910585022922e-01
2.773949409840364422e-01
-5.853668350516041952e-02
3.471984286169469414e-01
1.107483841594222029e-01
-6.755240139843975145e-02
6.247448690916620334e-02
3.024923072345256370e-01
4.045049626254587083e-01
2.345612160169593396e-01
2.384665864865875839e-01
-1.470852623031531359e-01
1.071808575072473457e-01
-2.280739622424638458e-01
8.841214366388219781e-02
2.580546865602904583e-01
4.018403774775521908e-01
2.988060620024225039e-02
-1.162257445471307910e-01
-3.511408230605412850e-01
1.030953730162089688e-01
1.799700600331146094e-01
-2.281396941515942689e-01
5.461022381626544353e-02
-9.959124212972476908e-02
-7.585644927509077595e-02
-2.515533763971349868e-01
-4.389402128437250306e-02
4.771833431446135254e-01
3.386544515068585226e-01
1.542954957087925294e-01
3.051867525512621526e-01
2.059029421569256446e-01
1.541898495565943716e-01
-1.200293633841740676e-01
-1.022015583044795367e-01
4.295005093033189836e-02
4.540283244922094785e-01
5.800595807189999620e-02
-1.047340005432037813e-01
-2.873456235222413002e-01
-4.105880075433258058e-01
1.124505515044451620e-01
-1.589666465230855918e-01
-1.493451478412967381e-01
-2.625396885456612872e-01
1.958179195695136099e-01
-1.087280950400889568e-01
1.227417709796172207e-01
-1.107549763818519856e-01
-9.309980246688262517e-02
-1.610108363452709690e-01
-2.500517154576622492e-01
-2.739082796038509460e-01
8.280317189992622562e-02
-1.314715138875141576e-02
-5.724723539911411724e-02
-4.004599672957303569e-01
4.705950023810737681e-01
-1.430027585747626617e-01
2.303727704336600013e-01
3.562743744839883681e-02
3.924694793185452835e-02
3.194459937428821283e-01
-9.376189327668399409e-03
-3.425043301771503179e-01
5.379139429607197702e-03
5.515747790006837459e-01
3.710270699387931970e-01
1.093357070531309760e-01
-1.332190231159470217e-01
1.007131433634399637e-01
-2.284700960541659054e-01
-2.455956849279723186e-01
3.231949765379188433e-02
8.934978905333423871e-02
-3.694063760479352476e-01
3.197188753672778327e-01
1.425420498889425347e-01
3.790123938311202867e-01
-2.906903899637335309e-01
-1.136726096731310170e-01
2.007101781668451934e-01
-2.358218733125696520e-01
-1.969138335490128178e-01
1.517359546343691745e-01
2.861747815124665584e-02
-1.174716729816323302e-01
2.667028185105185245e-01
1.582811249798870556e-01
-3.585357481227206822e-02
-3.425510697910024716e-01
-2.359650944471971268e-01
6.307017837782855629e-01
5.564592366281125371e-03
3.229441076723310600e-01
5.334323770829071387e-01
-2.881644177040728061e-01
-2.030327667747797993e-01
2.076622061269232100e-01
-1.029823821729697608e-01
-2.311396602718680526e-01
4.873197096457670408e-01
1.579950817978434119e-01
1.229247588026995824e-01
-2.855616804822248000e-01
4.240135526142119748e-01
-2.041118158282287931e-01
4.419164867684927112e-01
-4.945100022686265556e-02
-1.565741294957870289e-01
-1.457815804284742778e-01
4.657262865111263528e-01
4.975309214464704866e-01
1.797881726010034653e-01
2.608007143822917845e-02
-3.907427418804856195e-02
1.592124000194594657e-02
-3.041782057524745619e-01
2.223334182656991898e-01
