3.077697013779656654e-01
1.523451636026607325e-01
6.868756232215020817e-03
-9.647000329372573679e-02
-1.885747733282144289e-01
-2.462618898245860499e-01
6.269631575097647791e-02
-1.431416779749434820e-01
-2.496916364953570555e-01
-2.660202227957867427e-01
-1.092265475841798505e-03
-1.789960842684673870e-01
2.301450064898302450e-01
2.061747666614892061e-01
-2.592378247926398482e-01
1.859889076250786921e-02
-1.082125848511755889e-01
4.863850943704029484e-01
5.105753162597754802e-01
2.049105359587478636e-01
-3.607154060883530633e-01
-3.789855548495054682e-01
3.766136198819343694e-01
2.975734255300467868e-01
2.212042008151084427e-01
6.797961519057546531e-02
2.901908496955291072e-03
2.176236823034724266e-01
3.489261238236205376e-01
2.064009814855908842e-01
1.480674056815858286e-01
3.954571371840731597e-02
1.896063656797559449e-01
2.382743457203078535e-02
-5.093478255558413215e-02
1.624045386735425978e-01
-2.940269378213594686e-03
2.206291167436723599e-01
7.679706219152107605e-02
3.567229744117940693e-01
-3.304514730574987791e-01
-2.762545340193144350e-01
1.873945895764602132e-01
3.406706905376043482e-01
3.176158097491309507e-01
4.260161543710509480e-01
-1.664476057588417934e-01
-1.047553828513384244e-01
-2.079457212630136664e-01
7.009871472592639485e-02
-7.962736429708866526e-02
4.333341767689453256e-02
3.457002789683250588e-01
-2.980751776106825741e-03
-2.549598728406776704e-02
-3.308279111665882177e-01
8.079581607130338627e-02
-1.056346919976304394e-01
-1.557382930358150730e-01
5.529673361751552552e-02
-2.288737854932196836e-01
-4.757268593111368959e-02
4.154650632844651970e-01
-7.440790611485942341e-02
-3.495282614550092037e-01
1.167248616108240711e-01
-1.406136389511446205e-02
1.203168410979546521e-03
1.590153804294319184e-01
-1.351886000198543047e-01
-2.800678756640994083e-01
-3.857237692576410189e-04
4.057587054416236794e-02
1.395628103886491500e-01
-1.217661227155494019e-01
-1.298408521412414418e-01
-3.272789644870913173e-01
8.854544690101642801e-02
-6.231789447811780791e-01
5.630643905159873203e-02
5.274253358328891139e-02
-1.202737533902117906e-01
2.508543762365462726e-01
1.368752471583706831e-01
-7.683211824638214171e-02
4.608325258820508141e-01
2.630146703146711840e-01
5.157927159299937614e-01
-1.153687384041842401e-01
-2.412917825167925079e-01
-1.734810702376488045e-01
-2.239578841753851191e-01
-4.681757350100101966e-02
5.853066184943341022e-02
8.317879169821031093e-02
1.542165413771470761e-01
-1.214349907377702681e-01
-5.280862431468549278e-01
1.426428205566725449e-01
-2.554955815027653010e-01
8.638771139490439288e-02
-4.499070944848226200e-02
-2.638210308745906826e-02
5.456913791296061356e-02
1.589907616464604767e-01
-2.791880732715970037e-01
-2.152597634821449279e-01
4.566622310356181769e-02
4.759067273114415964e-02
-3.413919042604969811e-01
3.935143042192246199e-01
-1.179091603259830034e-01
-2.762461011125170729e-01
-9.842025184836386553e-03
-2.167270443314857076e-01
1.186051593243206831e-01
5.278898314579018314e-02
8.400859680010201724e-02
5.336279794544011856e-02
1.616523586781982436e-01
-8.288873425364122471e-02
2.441337798083992316e-02
1.687290049166656480e-01
-4.700070840092788749e-01
-4.319077755128774010e-01
-3.499574664123039636e-01
-1.448346303035583787e-02
-4.301954441732563916e-01
2.383771794739745001e-02
1.536392221637220279e-01
4.220675101328089096e-01
4.932876139384429481e-01
8.914757814857512952e-02
3.217766466738312681e-01
-8.675916838847616552e-02
2.651272433269007411e-01
-6.854301723829168969e-02
-7.788150741263531740e-02
-1.368754505695699009e-01
-3.071316675198878521e-01
3.379313617025690025e-02
1.833707600456484232e-01
-1.889601763077120300e-01
-5.748368749166409275e-01
-2.306954753772366973e-01
1.176400301786641733e-01
-1.818494548439640313e-01
-4.367033610946652322e-02
1.318847635905637250e-01
9.206673071016950594e-02
1.317552424534515487e-01
1.452528554329250987e-01
-4.901781048918389949e-01
4.422547725538268915e-01
9.813808914526919724e-02
2.190457846504503120e-02
9.177951808037114467e-02
-1.627469720568596179e-01
2.710919538637037163e-01
2.462202409294161343e-01
-3.323339944255015443e-01
-2.572600080805223510e-01
-3.279388372715057870e-02
7.508393809701968680e-02
-6.929165346186780261e-02
2.759787137466052087e-02
4.599352972053277755e-01
-1.607484978374164597e-01
-4.021179156202465133e-01
4.451983731110650266e-01
-3.935634765386663014e-01
2.695856250950720012e-01
2.702640448692886221e-01
3.589686405692738697e-02
-2.362911526644742299e-01
-2.034103864929565075e-01
2.098335411703832198e-01
4.736384901006244208e-01
1.357000013742162281e-01
-1.055931821074146681e-01
-2.240999173287495927e-01
-3.397559199695425192e-01
-2.844848994301080528e-02
-2.205549245493538396e-02
1.008450417130259541e-01
-1.530974480481206990e-01
1.994040562986270082e-01
2.996180855373641386e-02
3.426547715372085245e-01
1.604319294570586141e-01
3.237712300314377067e-01
1.025997661997686203e-02
2.222696635243179564e-01
8.382353994838262490e-02
-2.417556649159103288e-01
-1.360736238858755165e-01
2.420264490662639711e-01
-2.654278117353858213e-01
-2.397609143491783168e-01
-9.270603901938005709e-02
2.582925246547577158e-01
1.985353713194060177e-01
-2.582871943424701056e-01
7.709260746819912580e-02
-2.513273466996452377e-01
1.619185259681971967e-01
-2.044193030803866384e-01
7.346167215962833008e-02
1.275733277520497699e-01
2.481055030663460448e-01
-4.507910113106883276e-01
-4.646742643178559673e-01
-2.345080790729895115e-01
1.312048550576590811e-01
5.849082026290476355e-01
2.942667532374105277e-01
-2.328916656375126792e-01
8.227621668805124022e-02
-3.018934255017726720e-01
-2.501075813529975989e-01
-1.523197073724080197e-01
-4.611251632933907607e-01
-1.759157282553728274e-01
8.642974231298437837e-02
3.578637142032004004e-01
-3.329687469188378768e-01
-8.129508042631684861e-02
3.431144942799818631e-02
-3.688737154230649178e-03
2.154951470585328432e-01
-1.109382726395864438e-01
-1.926956513058025733e-01
2.933739495116950424e-01
2.564347393823726562e-01
-2.358758801482464806e-02
4.654142153972022911e-01
-3.722185541125896391e-01
1.659945688734441524e-02
9.671981922218521321e-02
-3.734015357535693247e-01
-5.412007031212198171e-01
1.127246486124417330e-01
-3.823584456955175792e-02
3.488637745382525690e-01
-5.561213923578753326e-02
1.995085686283537274e-01
3.006129976715287699e-01
-1.021002880006268848e-01
2.892671642580577629e-01
1.144618686223152493e-01
-2.664284880250845644e-01
2.454327569468449377e-01
-1.184221260028769096e-01
1.035329681798844853e-01
3.989278919359359188e-01
-2.296913378025116359e-01
-3.338293861342392366e-01
3.330487658921722494e-01
4.043866709637908841e-01
1.275618652727017466e-02
-9.936176007461862414e-03
3.051485635000142915e-01
1.991047647270716703e-01
3.112899204800224084e-01
3.119254986082584669e-01
