1.122150090140269091e-01
4.179780305117698075e-02
6.232265729560277495e-02
-1.982923461383010177e-01
1.029489223091400313e-01
9.498911048365499613e-03
-4.768244586852002920e-01
5.285755111454013555e-01
1.589715253821190333e-01
6.819854542567727052e-01
-6.437482076291353716e-02
-1.948791262393027024e-01
2.013386946050800264e-01
-2.161726162015397967e-01
-6.489028985906343527e-02
1.619216260022330045e-01
3.199462931424234546e-01
-2.395867266984496036e-01
-5.404380056928169695e-01
-4.633717474264170688e-01
1.801705749002321111e-01
-5.026151576396134524e-02
-3.141810378041561269e-01
-4.169160760078911149e-02
-1.046914042350736013e-01
-3.581153017153744234e-01
-2.192967516145529622e-02
-5.367661509901370254e-01
2.849511671319976402e-01
-7.412867822636416693e-02
-1.850953911336661317e-01
-5.753554187578623080e-02
4.904414973101438036e-01
5.555733764195581736e-01
2.125910238932771090e-01
-1.174749263996676882e-02
2.714140245238491067e-01
3.159424252575260272e-01
1.849897945932826859e-01
-1.517302167788597278e-01
-4.770175307195489295e-03
-9.362862501212897148e-02
-1.596012954530331984e-01
-3.997284862381748211e-02
-3.102254820163495852e-01
-6.159018284968618626e-03
-3.403873196224189990e-02
4.214525719040997376e-01
4.425107928850098293e-01
4.018212674374438409e-01
2.341650194499615423e-01
2.797445592657673563e-01
5.469412159444727584e-01
-9.234883092783222058e-02
2.757745185700692936e-01
-3.112885175137898308e-01
-2.057721623886573648e-01
-6.276672085292356318e-02
3.711933860263726404e-01
4.514039537831340820e-01
-2.585071364214651668e-01
4.104644024460265550e-01
3.838924415024675407e-01
2.978703262023825737e-01
-5.025742390267167181e-01
-2.064811216496313662e-02
-3.758994467712054588e-01
-1.426977916987629824e-01
1.533042369088218337e-01
8.019351689111620107e-02
2.653580902436487171e-02
2.622168217169712490e-01
3.269394230154334391e-01
9.921937494595575724e-02
-1.960413508769213720e-01
1.787274603006650808e-01
-5.042988626337411295e-01
2.558075614499722983e-01
-4.161324945260126418e-01
4.424328296578661224e-01
-2.292312417188100970e-01
2.612162939604124046e-01
-4.332080084246335283e-01
4.033488094615512720e-01
5.568122507973264357e-01
6.432333536173802102e-01
-1.443255092215545432e-01
-2.288536091506254352e-02
-4.140729909355826965e-01
2.512870055027054961e-01
3.474156285897338492e-01
-3.578869717289883678e-01
-2.908361514799365222e-02
-1.151170861542860635e-01
2.451611276748993096e-01
-3.262072597377626004e-01
9.455534662999606765e-02
-3.890206135513155083e-01
2.126520212033669033e-01
7.733884907850161472e-01
8.888642229887197543e-02
2.078094393392644346e-01
5.532148486199781751e-02
4.126630697759708366e-01
3.162663723524763992e-02
-1.269291917616975629e-02
-7.512342083300981299e-01
-2.351274983488038650e-02
1.483585458176144845e-01
1.614574055948835851e-01
1.697053277623543632e-01
-1.243783745666692322e-02
3.619921118274521676e-01
-1.445539165940115493e-02
-4.009998235284028545e-01
-7.326799861512625078e-01
-3.432861570208771695e-01
-5.128964342600152992e-01
-5.092156161015604782e-02
5.108053652284185592e-02
1.266214882528026442e-01
2.588960026409645176e-01
-5.413744547013071839e-01
-2.826008546631059715e-01
6.170263544021029056e-02
4.789305954853202429e-01
1.829590418087242987e-01
-1.319502794788744993e-01
2.226708439257982231e-01
5.016953618143962096e-02
4.020437315982099968e-01
-2.605566040047345433e-02
-1.539410565244469509e-01
7.122508266166333035e-01
-7.582059288764149418e-02
4.735218965279052727e-01
-4.843086665753042475e-01
1.281362985782905639e-01
9.995142931109174400e-02
2.937710586539834384e-02
5.228092167469493567e-01
-1.204828162783269374e-01
9.903994520740870555e-02
3.108289268286422782e-02
1.788112751130268852e-01
-4.841363006957203341e-01
-9.695275579385670417e-02
4.185447517959094837e-02
-3.560478989558249485e-01
-4.562663360134596585e-02
7.442552753633735474e-01
8.249773867320837895e-02
1.734010580825664782e-01
9.094970166169878689e-02
3.240085902079105074e-01
-1.307572150668891153e-01
2.073710355592319754e-01
1.145621250291508908e-01
-2.787794184512916718e-01
7.770248535771263898e-02
1.490000662564669454e-01
3.643387771761613103e-01
-4.923653488976838244e-03
6.189053965157689241e-01
4.489888524526629010e-01
2.250177790582975623e-01
6.237713946970135925e-01
2.260063382818371935e-01
1.299592038595413085e-02
-8.119615574866065888e-01
-2.591338149100523292e-01
-4.312866974824766109e-01
-3.605961574092055311e-01
-1.249098262409440580e-01
1.639859456294157081e-01
-2.675422088384435404e-01
5.030779963332030480e-01
2.605417520222229055e-01
2.375942520815163550e-02
6.583502432086298928e-01
-1.492576793079665176e-01
-1.118149533654748395e-01
4.773385666670941774e-01
-3.084264016059568708e-02
-7.931757525331377401e-02
4.879360650074153760e-01
4.043365624225554456e-01
6.277402910972502692e-01
8.858281755023283965e-02
3.336711026683094050e-01
-4.509615848027104801e-01
-4.280384532895058491e-01
-4.098651749572281289e-01
4.605936127509167588e-01
1.779369514515232176e-01
-3.469761500331405291e-01
5.177189690146084544e-01
3.476778843453238177e-01
-2.242331574241580305e-01
3.823365833620176457e-01
1.646376403042841829e-01
-5.848289403010025200e-01
-6.127661721815168550e-01
1.843772881998635982e-01
-4.320938194126833914e-02
-2.855744839976529503e-01
2.536309152113657150e-01
1.593816947357348801e-01
1.177404225479711658e-01
-1.049647457624892782e-01
-2.809762205934459023e-01
-2.932588846062825216e-01
4.134704914605943915e-01
-2.559428274408459547e-02
9.170457221244088242e-02
-5.231969782764913646e-01
-3.493031368488077049e-01
-1.939971172476324598e-02
-3.904168334285877950e-01
-2.531180735878632015e-01
6.059277253845067879e-01
4.050623055330600519e-01
-1.241213459809815539e-01
9.322751676984854241e-02
2.113508092193161492e-01
-3.955426077910487170e-01
5.302408015668513830e-01
2.879997323887484306e-01
2.468624105855676543e-01
-3.586544860122172218e-01
-3.047167656128674240e-01
-5.750976165508098897e-02
1.412943121118357681e-01
-6.705407031659495198e-02
-1.257251230291337729e-01
-5.953810124583732710e-01
-6.458534483379657631e-03
1.526248701613264758e-01
3.116891394233138324e-01
2.911599030772532570e-01
-2.103376652543759717e-01
-4.884551028784058779e-01
-1.860769948398648399e-01
1.111834585255098012e-01
3.504628068307948374e-01
1.076819065456863234e-01
-2.184105230963158117e-01
-1.922782920089547987e-01
7.745360291162133037e-02
7.608384927409479470e-01
-4.511329280307809775e-01
-3.595350238362789996e-01
6.322845306291413614e-02
-3.722293566812420185e-01
2.358684578798981857e-01
-2.699874979942983311e-01
-2.869843699646902266e-02
-2.513613098119125699e-01
6.906332024356753863e-02
-8.655317376560078824e-02
-9.973081842862852042e-02
-4.619200059927164315e-02
-1.977436678373404311e-01
6.324575344605847249e-01
-4.659465581935180456e-01
