1.950603000253959551e-01
1.134609531049374752e-02
1.398047018682812004e-01
-4.033914501603486080e-01
-5.187010727092116191e-01
2.391563134432307669e-01
-7.922407703071746576e-01
-5.925594793467525712e-01
-6.554488883754030493e-01
2.867252953438476637e-01
2.745332104214856517e-01
2.411426075003040570e-01
-7.111374763997071469e-01
-5.619582740491240180e-01
-2.813420244596015474e-01
-4.725765221325735066e-01
4.818976966144062346e-01
3.987716921061737474e-01
4.511358702679959531e-01
-3.551946900618289660e-01
3.096799069394036152e-01
-6.835137387204921477e-01
7.509157116331985349e-02
1.382061753870234000e-01
1.787391885496294464e-01
5.416156258858182415e-01
-5.066397576645828016e-01
4.977296148016041588e-01
6.467045724963611519e-01
-5.405379907304797005e-02
-1.031656797433024297e-01
7.343868070144244919e-01
9.092878359742465055e-02
2.305300155321286446e-02
3.170227480223311023e-01
-4.561500958690543062e-01
5.392864997770201452e-01
3.522884332310114580e-02
-4.315102788915667897e-01
-6.705947355800269127e-01
1.712444761832480206e-02
2.655925290530972149e-01
-1.509459796547915622e-01
5.801692499115096435e-01
-1.466984592443110469e-01
-1.911474688678775624e-01
-4.192200485496438978e-01
-2.825840192205867352e-01
-1.718052111144496574e-01
1.518571406316246430e-01
1.980791667258039457e-01
-4.170989240724266578e-01
4.193576544330575584e-01
-4.716560257851151738e-01
-1.109611093764530793e-01
5.971115595006608601e-01
-4.219741049501993801e-01
5.175074983251808369e-01
5.298044896156349770e-01
-9.736473905443365773e-02
7.697487531278327522e-01
-4.455361599402196671e-01
2.566095985440715044e-01
-4.379588134729104354e-01
-3.526334098519419702e-01
-1.947637358446466516e-01
4.151691838865733675e-01
4.657727881539896475e-01
3.116323006405911089e-01
2.740715224111623938e-01
3.121982146135697245e-01
-4.751631672593626954e-01
-5.186279731172221963e-01
1.468266742210014020e-01
3.905788403816443655e-01
-7.128597095369879066e-02
-1.608593334260443597e-01
-7.116103235251032277e-01
-5.079914627718276066e-01
-1.957302533625332464e-01
-4.996431216626405769e-01
2.074763147334623969e-01
-3.803534002792099411e-01
5.604998746314929781e-01
2.627688835752197694e-01
4.893305884768296421e-01
-2.144101622803747387e-01
-5.698618337396002542e-02
-5.649664120936875866e-01
1.774834647419570588e-01
-4.185683460305028580e-01
-2.148406457082573662e-01
3.334092892753025561e-01
-7.526936428934454248e-01
-6.897506200803344978e-01
-6.395202932346162328e-01
-4.175412038889644850e-03
-5.917601137473343931e-01
8.161509089923282279e-01
4.861221162487939784e-01
6.174181998524479464e-01
6.268658497655290596e-01
4.041931002596318434e-01
-1.161026954235377662e-01
5.722016163616693019e-03
-1.084051312016914292e-01
-1.627108158073190536e-01
-7.029166121472389950e-01
5.046298054000832034e-02
-1.556189072431088116e-01
-1.721300332285126133e-01
5.933260069218706384e-03
-4.337124886135794721e-01
5.638969490027352371e-01
4.013562138628573028e-01
-5.008990974745670677e-01
-4.946798583903579405e-01
2.347616649100694175e-01
3.554420527899871396e-01
4.922729809020778280e-01
-4.313184718053448274e-01
-2.638865799538863133e-01
-2.153713576751238035e-01
-1.583731345832601334e-01
3.750962593432691228e-01
5.317723829348256492e-01
1.058283573308222286e-01
6.325617360629779418e-01
7.121674385136015362e-01
-3.857558984088834686e-01
5.970186524091563030e-01
-2.693692413785238049e-01
-7.938666685537615342e-02
5.552103422310221692e-01
2.081673043728232975e-01
3.320400953540079692e-01
-2.486709113236956481e-01
-3.423592127854922784e-02
4.639863017727475225e-01
-5.241389979959091422e-02
1.405597471229197704e-01
-2.904113361597464027e-01
-7.195159702991278661e-02
2.313213070897782442e-01
-1.416210965777676689e-01
-4.507934360958528175e-01
2.499637700693284892e-01
3.421963741804181502e-01
4.367873465861709659e-01
-4.258092939998251447e-01
-6.639034725283181337e-02
5.928097849502784733e-01
-6.968959796559385245e-01
-4.183892135196350948e-01
6.265618277881432885e-01
5.265270155416460485e-01
5.848543584263071748e-02
-6.076601487418398229e-01
7.031812777919882462e-01
2.122110909248832722e-01
5.876688938202387913e-01
-6.507492443945200877e-02
5.323765375592525162e-01
5.400336511684105112e-01
2.230982288422564130e-01
4.830781658771139964e-01
2.053780890071490450e-01
-6.080426338568929445e-01
6.246362317463314273e-01
-2.116682645182390576e-01
-2.287369466126580875e-01
1.325825783886292464e-01
5.923219319043327991e-01
4.176434249908949070e-01
-2.694318658071167549e-01
-5.896283098790586763e-01
1.753690029785323901e-01
6.743251359984615556e-01
-7.387964588620091200e-02
-7.483764092094562503e-01
2.497914751807232131e-02
-4.937684295288253811e-01
4.815030167108287906e-01
1.043127086825911543e-01
-3.741602938127351341e-01
4.821293621068067914e-01
7.428761747322750741e-01
-2.082026439258381212e-01
-6.364792583556129202e-01
4.496796373739586072e-01
2.030215028311625064e-02
-2.844359851455691146e-01
-3.890512050695848489e-01
6.880392948128836172e-01
6.950663856336891655e-02
-8.052846302107384835e-01
2.851057882660813503e-01
5.137831929703651213e-01
4.514003303378943399e-01
-2.232406917040642425e-01
1.051420091275857144e-01
-1.948969795771129110e-01
-3.050529618595617665e-01
6.324757279908821417e-02
9.779863634095133096e-02
5.915984626596239304e-02
-8.823810693032313468e-02
7.000671713647099725e-01
-9.415589585108623261e-02
-2.081233185004180419e-01
-4.457606281906838497e-01
4.895107921654706651e-02
6.990615456413268314e-01
6.054649399207558957e-01
5.931673576254851143e-01
7.111615063087692867e-01
-4.407887839024864918e-01
4.797280575733098296e-01
2.451674528053765789e-01
1.955490452436132315e-02
-2.125826176696969660e-01
-3.028375780559880437e-01
8.621764908686465612e-01
3.235812253254961579e-01
7.395095600687184856e-02
-4.250886820193579552e-01
-5.438675300262203471e-01
7.850896154503396174e-01
2.084863531602723363e-01
3.661070481921077646e-01
-2.043589406352844251e-01
4.120631395805017250e-01
-5.236791624844036042e-01
-5.696704567510515460e-01
1.767152576246299733e-01
-6.763792102249419624e-01
-3.358036952683157161e-01
-7.229694458948543456e-02
4.312304485163767631e-01
1.444807902542446232e-01
2.211740313757598331e-01
9.967941441239128175e-02
2.188379120214969387e-01
4.224811018101660709e-01
-9.562576990368452934e-02
-2.886465117818213244e-01
8.008534606639604592e-01
-2.686099798632250457e-01
-1.786909925422729972e-01
-5.036805392800081105e-01
-5.271099000965967507e-01
2.791837339005622809e-01
3.585191576967357019e-01
5.201919309488632903e-01
3.959323072872190652e-01
-6.748820761618314901e-01
-2.200491508067435320e-01
-2.694960526928770195e-01
5.113018883349851329e-01
4.325523758089173665e-01
6.038492154489524255e-01
5.342025468287301404e-01
-7.232671272012078933e-01
-2.032532762034222618e-01
-1.604460440452275816e-01
