-1.282755543697128298e-01
-4.632389722248584363e-01
-7.490482908201394341e-02
-3.449039262509392967e-01
-6.622116390823147569e-02
1.781890692880010729e-01
-4.233888871199893988e-01
2.445647163448106953e-01
-3.007795896938078029e-01
-3.690148193744398619e-01
1.236900247539652054e-01
-3.360883051543678834e-01
1.126583650328808056e-01
-3.137918128272887408e-01
3.075939618891560534e-01
2.407997351509242046e-01
1.732422291186110630e-01
-1.347566671028688490e-01
-1.117916422706308199e-02
-1.088112248695722040e-01
4.138088230531984935e-01
1.466079880175968908e-01
1.375239758484322061e-01
-7.019228761646452430e-02
-3.646799866824670389e-01
2.664433623327727707e-01
2.527773561391289947e-01
3.462063856936560269e-01
-2.728594721943675694e-01
2.587904807310705269e-01
5.818257097736080352e-01
1.618372913659318346e-01
-1.193901621657677548e-01
1.695728701683489603e-01
-4.697015407278565813e-01
7.565643639097387185e-02
1.536617452825643493e-01
-2.295490623417350551e-01
-1.308013718671105930e-03
2.877224868368571942e-01
4.004623391426323509e-01
4.513650058996887537e-01
2.110849137356224092e-01
5.899547401180776918e-02
1.342523276448817082e-01
5.815053970338619760e-02
4.021402482496257980e-01
-5.657548643450618364e-01
9.107746189669627124e-02
4.165941011099624225e-01
-6.247642825232004871e-01
4.299886012444935623e-01
-2.038049751057405823e-01
-2.295577529820652662e-01
1.234358148864800331e-01
1.335225831737910651e-01
3.421751835063734370e-01
4.767949558077191896e-01
-8.839118231957214522e-02
-3.109420299670349608e-01
-2.017295090225895149e-01
-1.331821700123902996e-01
-5.508072803860619704e-01
2.364724710321216006e-01
-8.120966554448713626e-02
7.516365408948695592e-02
2.408162745756243228e-01
-6.647261212627544880e-02
-2.273085549406062278e-01
-6.643118468458497627e-01
-4.436503929556294690e-01
-5.295634471559029777e-01
-2.166101085195795695e-01
1.487423689575755326e-01
5.437989005931501141e-02
-3.366756950467933995e-01
2.276000798454963503e-01
-3.143627868714788387e-01
2.291910062708845119e-01
-1.745926434013433670e-01
1.849971729745734095e-01
3.469418591134174057e-01
-1.952654165409974385e-01
-2.507946327860182123e-01
2.818946805319496596e-01
-5.079994445717332940e-01
-3.948745985929936753e-01
-3.794246220145720550e-01
-5.789684190743070724e-01
-3.883038487815278494e-01
1.098362138079514161e-01
1.011101659558225202e-01
2.545697775163269783e-01
-2.301444411186631955e-01
5.287262157564253107e-01
4.046337418743856662e-01
-1.891691348298973341e-01
-1.532161358609639701e-01
4.049004500109676385e-01
-1.212735680030753577e-01
-2.699083121462865775e-01
-5.562052286854647365e-01
6.670271517329204869e-01
5.244110444094678414e-01
-7.058277223395925670e-01
-2.583568983845648259e-01
-9.355452708201408840e-02
-3.943174270521835889e-01
-3.790500423501872440e-01
-6.648861903315214650e-02
-1.410713985007813198e-01
2.257947676125356129e-01
1.261192904255409308e-01
-1.027217555479832956e-01
2.765365131379296515e-01
-5.235420874451909290e-01
1.242363280685617744e-01
1.724510524538889200e-01
-1.534920753521861747e-01
-5.664629116283409482e-01
4.862469852113993629e-01
1.131683462632565446e-01
4.675010002386188468e-01
3.201510711650956686e-01
-3.285177767693579498e-01
-4.670310333171776573e-01
-1.748219546875451683e-02
-3.313799594014916333e-02
-1.213163344488395190e-01
-3.783698857225702428e-01
4.026097802703539064e-02
2.185339134586081755e-01
5.757736875632457618e-01
-5.597811665969675277e-01
-3.285274274939398720e-01
1.280263949594586115e-01
1.358113099310517546e-01
7.068553554074991085e-01
-1.636321841636934893e-01
4.086269069777906382e-01
4.405759201748312148e-01
2.847224839404005059e-01
-1.945656790344105214e-01
-2.826285740274619984e-02
-2.883726491691092075e-01
-5.108059637484838600e-01
6.510888048947288675e-02
-2.642708635135154749e-01
-4.675219975118101723e-01
1.314173066188445704e-01
-5.516704067090667102e-02
-2.756148155961953283e-01
-2.858570293893684111e-01
-6.294711863538063334e-02
-2.983967737438386614e-01
-2.522794976490502772e-01
-2.728959193274664852e-01
-4.768981848244092103e-01
2.897125107990047299e-01
2.218653376634128205e-01
2.736354005363735298e-01
6.528861600022540790e-01
-3.112523806381458646e-01
-8.149202910314994053e-02
-7.090091204057066276e-01
-4.527493814593265276e-01
6.396899732871828836e-02
-2.895495177623238492e-01
-1.831443757485316515e-01
-4.878847581554879298e-01
-1.496072493466470144e-01
4.119361480043438051e-01
4.124296087519381260e-01
3.368047715729249880e-01
-1.277898098809547300e-01
-6.733149508052782561e-01
-2.793189996353329096e-01
-2.749796878859412930e-01
8.592550575479411534e-02
2.492744995811638775e-01
-1.076985871173132825e-01
-3.344050390422511621e-01
-5.405027540546197828e-01
-4.037092855681406744e-01
3.717065543549558093e-01
5.738169785343039120e-01
2.999837529811748560e-01
4.779226044106237303e-01
-1.398487949847472371e-02
-2.752081688867973885e-01
-2.220860871660937652e-01
-5.518811497241925546e-01
-3.183236171676559478e-01
-8.211230873428849719e-01
1.947368500593232299e-01
-8.765977828774335068e-02
-1.596097964796876212e-01
2.226525500754798215e-01
-5.254203467560663032e-01
-4.653377097859827671e-01
-1.027922893519383207e-01
5.271819809877743568e-01
-5.060523952198585640e-01
-6.049504533966251763e-02
-4.037676867382296031e-01
-1.286432876147051707e-01
4.918479038282276561e-04
2.364778822226473176e-01
-3.748034359135923865e-01
-1.109807635677613341e-01
-3.088369496182299945e-01
-3.953941543832777961e-01
4.047772490955497404e-01
3.571537050063540164e-01
1.952138042121210615e-01
1.670327938913047927e-01
-3.252554644797824857e-01
3.875074899109839377e-01
3.993217819441993027e-02
1.928373464605252496e-01
-3.493856982434134228e-01
-3.076647462181643089e-01
-3.230702699259194732e-01
-3.292768726857389638e-01
3.807244802155566599e-01
-7.221566809677545384e-01
1.672592807627172606e-01
4.164486772992543884e-01
2.681539015878466881e-01
-7.780506006315675016e-01
2.472333085941157971e-01
5.292418944949733861e-01
4.484894745551379347e-01
3.524744560000515614e-01
-5.822884419484047891e-01
-1.350837688335788100e-01
-2.077817990372939627e-01
1.654684209277675622e-01
6.267513319002117056e-01
-3.387932334624094155e-02
4.221286714621464986e-01
3.001831608792857216e-03
6.262349936431110820e-02
-3.685047741066953264e-02
4.731625053373293699e-02
-1.368167509878532029e-01
-2.844066897662985149e-01
-7.915889979548776378e-02
-2.209080077472893103e-02
-1.223975216690073170e-01
-5.311185305772099241e-01
-2.576212333114414332e-01
-1.191349312375137443e-03
6.584795454310984897e-02
-3.417305481699757785e-01
-5.709560433739101493e-01
5.022718405506854111e-01
-1.484481879895212519e-01
6.347182111962732520e-01
4.656158312406178390e-01
-2.992779842967211446e-01
-3.328736526941956098e-01
-4.397320313537820824e-01
9.927010066914936093e-02
-2.069018478126841837e-02
