3.314661480501821522e-01
3.811506040220218328e-01
-3.810897839363417972e-01
2.442153204540878642e-01
5.187081231044190499e-01
5.503771363151253038e-01
1.473872047158032023e-02
-6.313182006551303349e-01
2.177460631927830570e-01
3.564460872551418191e-01
5.718318502656971614e-01
2.075856191122211203e-01
1.383915947834755689e-01
-5.000456725205599806e-01
1.749144857870381653e-01
-1.946954558920777067e-01
3.491233997527758981e-01
2.372513901047481888e-01
-1.353390159363353773e-01
-2.676777085380481203e-01
-3.756717885062829665e-01
1.567349903820934032e-01
4.343106571324048537e-01
-2.489876832098360943e-03
-1.394893972259249604e-01
-2.878244181056941464e-01
-1.055263752763083845e-01
5.722566350661934670e-02
8.121135150690401983e-02
1.009043625677528422e-01
5.546050190044962136e-01
1.204953366021890016e-01
-1.868139578934926992e-01
-3.842216225527154139e-01
-1.875512921476995276e-01
2.170412543057405330e-02
-2.607225657176203137e-01
3.387274341028227997e-01
4.586469966815866495e-01
3.289176431911846055e-01
-3.126746260965339030e-01
-3.117887826216891867e-01
2.253675023694231561e-01
-5.362468241450386586e-01
1.759126220224151160e-01
2.732499048354231630e-01
3.434166071066821480e-01
-2.878136425283958078e-01
-2.730115575174314052e-02
-3.649996088048892973e-02
-5.007645646915513671e-02
-5.217072483764075841e-01
1.734476072946639913e-01
-3.987260650868446610e-01
4.882411745450151441e-01
-6.129400303711082243e-01
3.161696207189121921e-01
4.319576497826128625e-01
-1.724602671024587919e-01
2.903856589865229099e-01
3.259584000202961906e-01
-1.075896304052132990e-01
7.740323736643855979e-01
-3.461057040567077081e-01
2.587226936537632693e-01
-5.869372819594964596e-01
1.938424236385406230e-01
-8.700112282894332388e-03
1.406178964557543432e-01
-1.286231229827393407e-01
2.551862560807150460e-01
-1.021015992046726273e-01
-2.288222227235833517e-01
1.760995398351747065e-01
2.389207939508860568e-01
3.755176260397821708e-02
-3.134386652443398313e-01
-8.549980489121804528e-01
5.736150708572215207e-01
2.513201872930207470e-01
-4.700228753913638924e-01
1.425235403206267515e-01
-5.792426367306142687e-01
-2.844799280034039368e-01
7.097678138645679979e-02
-3.809392490271216736e-01
4.743181808883999151e-02
-4.670325223422927552e-01
3.204274865618978452e-01
-2.304051029577826593e-01
2.739372727860817092e-01
-3.064332955671481562e-01
-9.209453528477130890e-02
-4.691040065271478987e-01
1.789595868699339898e-01
1.214970658449729124e-01
-5.108987853475884799e-01
1.610183372411666536e-01
-2.763348633122836295e-02
-3.151960132092896383e-01
-1.186195670181054151e-01
3.480183715338444617e-01
-2.624038963121482215e-01
-1.474750303586512268e-01
1.754006779423178952e-01
7.958355156494584248e-02
-4.087764879374252563e-02
-6.789745830759415235e-02
-1.367624400282262120e-01
-8.865020386722499007e-03
-3.312859024426734189e-01
-3.412688609335438605e-01
-1.725267986023853450e-01
-2.271946139489813277e-01
-1.137103353983071052e-02
6.382107943030294883e-02
-4.134606733779674359e-01
6.186858581326225570e-01
-4.870487301721546786e-02
-4.722713271575460503e-01
-5.335793152764306546e-01
1.579137959075367081e-01
-1.562233715422133018e-01
-2.911238037816625546e-02
-2.671557048987173444e-03
3.137345728220706786e-01
2.125446154354433126e-01
5.980246672694784493e-01
4.758658266541182513e-01
-5.973168457975331497e-02
1.260007683525398159e-01
5.120456964122794830e-01
1.245967100288722512e-01
8.030860153598515239e-02
3.175156725636290034e-01
-2.537013068964592555e-01
3.795038966899903776e-02
2.715671389428227500e-01
-5.293949224482933508e-02
-1.223665557344678634e-01
1.315502455353965428e-01
2.468281520529040998e-02
6.601962799826781580e-01
3.215421095267758100e-01
3.807892696866613247e-01
1.431970702101578730e-01
5.285306293364753216e-01
6.058550866650487254e-01
3.922728113099163139e-01
2.866936107997670180e-01
5.332835977597019661e-02
-4.965044906545268977e-01
2.547790769262944233e-01
-3.384861974378660654e-01
1.298633401414753773e-02
1.977428648261723432e-01
2.130982897536285448e-01
2.202483476466396417e-01
-5.244321885163523156e-01
-8.999065425415285480e-02
1.489802057520815959e-01
-2.003467790613073229e-01
6.945622621609465197e-01
-5.787541014888296642e-01
-1.114839016874817207e-01
1.232468372141207018e-02
-1.882967192842787685e-01
7.544801935058009779e-02
3.162536086641885014e-01
5.147480229238968752e-01
-3.998641355327242630e-02
-5.472683496285515176e-02
-3.798471023612278175e-01
-3.663111427634580530e-01
3.820783038413295279e-02
-1.204355482749316503e-01
-4.194935478584417565e-02
5.831763322936031058e-01
1.990276147923480676e-01
-1.940766967690745748e-01
4.445136649104921567e-01
-3.173271201930422114e-01
1.737881449921513388e-01
-2.850194572860688669e-01
4.971621565687030508e-01
6.175075355235155883e-02
3.856775360560456556e-01
5.308732609642913269e-01
-2.305766497540787663e-01
2.547377503285213063e-01
-1.523416078444600474e-01
6.889381880799464453e-01
-4.495177029268083158e-01
2.946976172581283748e-01
3.627778918967570765e-01
-5.780478613333592253e-02
-2.772439660281518781e-01
-2.047276041010893596e-02
-6.362767662372519062e-02
-4.795417287743614088e-01
3.553375809507014482e-05
-5.877724624043604296e-01
5.263314296290487471e-02
2.550459673750791190e-01
2.870606223295119747e-02
5.767865045381630473e-01
-5.064614792679608124e-01
2.844706588094558231e-01
7.177636429894092285e-02
-2.654812641057766043e-01
7.392114333823612826e-02
-2.653209201276404139e-01
9.333294496550256780e-02
4.202024512367194542e-01
3.803122483035005497e-02
1.247022749261983421e-01
2.837821649309763550e-01
2.462543239547921314e-01
-2.477106521346661705e-01
-1.660351441548033880e-01
-1.333844791312787936e-01
-4.549369290278214989e-02
-6.064530278431736754e-01
-4.656959682588143190e-01
5.493920926989279696e-01
-6.481802274744866664e-03
-2.128145117690341537e-01
-2.898043533167184438e-01
4.313614551194978608e-01
-2.150791859905805056e-02
-3.626440222404561098e-01
1.498940176058871643e-01
1.790844172862961492e-01
-3.233587918981083165e-02
1.937760147791745546e-01
-5.811311707461057630e-01
1.245102369556183031e-01
2.417418276531863586e-01
3.969089184087599698e-01
2.073220691942893879e-01
-5.976326790367514352e-01
-1.301557904642492158e-01
-2.971008826998696173e-01
7.278851110072174224e-01
2.212050488433624507e-01
-2.287834553361328682e-01
2.723133029769407853e-01
5.226421876133342803e-02
-1.677446191886879656e-01
3.152747806328257130e-01
2.234980695813914009e-01
9.707271816011263377e-02
4.491677035466330459e-01
-1.119333870612878035e-01
1.008804326736190277e-01
-1.415653060502628791e-01
-4.047031351441625069e-01
6.568212744695089977e-01
6.452518754435409010e-01
-5.111354490209307766e-01
-2.618844626315248725e-01
-2.941736784368406132e-01
-1.886119825472134526e-01
3.289255365160791422e-01
-4.066501891529586410e-01
