-2.155717705749811142e-01
4.761306770822633094e-01
1.406096312974913776e-01
4.234710633178193628e-01
-1.722431131029578122e-01
9.138679914680682970e-01
-9.559446538100402346e-01
4.342514708440949889e-01
-3.718299901688162379e-01
-9.790302642163986047e-01
-5.219864994183218698e-01
1.415630497397468712e-01
5.020885111886996821e-01
-8.211329461878378311e-01
9.398055380635508271e-01
-8.548760705982945129e-01
6.471758397187199474e-01
8.469719914024940177e-01
4.574237719095062271e-01
-4.111024342993627734e-01
5.360016983231790100e-01
2.452716662253429103e-01
-3.181984024488095919e-01
-7.785363656349741923e-01
-3.813861196944863252e-01
-1.637170247345669516e-01
1.502283048441954705e-01
-5.137283743333529440e-01
-7.510288208872684113e-01
5.498805983698222821e-01
-7.061554977816557610e-01
8.229866517608579457e-01
7.623671156406766070e-01
9.921532037422777783e-01
-7.643465898791679258e-02
3.628549244922174566e-03
1.777255182893748842e-01
-2.811829280415352184e-01
1.260594215766719373e-02
7.048216667391373758e-01
-2.315574006929053130e-01
-4.739853889101974804e-01
9.601675217417713348e-01
-7.706034510323660491e-01
9.555650447050720864e-01
-7.040737212546375190e-01
-7.010091174514876400e-02
5.152646230483510781e-01
1.201129569663339502e-02
-8.979764705790103108e-01
8.214194854908833943e-01
3.468789303472472607e-01
-8.316756716144531048e-01
7.943669119333447437e-01
7.954844084055585629e-01
-7.268885532062452359e-01
8.480719236599698618e-01
8.432984050048715208e-01
-8.354902990839088162e-01
-7.221421897645416976e-01
-5.594509709356714211e-01
-8.637890332342537114e-01
-8.545749661246067053e-01
-7.323793411828614097e-01
-4.667551752780798591e-01
-9.857150570563113501e-01
-3.577647362362785799e-01
-5.804760050724877551e-02
-5.463583251666821461e-01
-3.657411492676680975e-01
-7.086844158903127244e-01
-9.156793611731470772e-01
-9.135172862380829262e-01
8.409954386996711939e-01
6.351904464662612160e-01
7.646434768574275065e-01
3.142476739351993675e-01
4.767359073510775147e-01
-7.722057998347484631e-01
-9.644711773176903868e-01
-1.730454047994736122e-01
-9.677095227205456673e-01
9.397871578820422567e-01
-3.146949300035593033e-01
-5.903556102562148578e-01
-9.974618155030277045e-01
1.335623752049353019e-01
4.262102177551985172e-02
-1.321132020967528131e-01
4.724438988738546286e-01
3.705688786075800323e-02
-2.580976041150671030e-01
2.939778960885410797e-01
9.188918320481875845e-01
-2.626499193934277443e-01
9.542728310371699774e-01
-5.339872155765190698e-02
4.622758725019169290e-01
3.971395095569598688e-01
5.830520834467869395e-01
9.506567160390775317e-01
-3.395783051666094732e-01
8.063896352294275260e-02
8.962696862245238538e-01
-9.975139992800501343e-01
1.370760093210172670e-01
1.011570198093592055e-02
8.608626740689575563e-01
-6.470622154215486255e-01
-2.175505553725438634e-01
-2.527334384660910871e-01
6.000278063892598990e-01
1.548447861091872824e-02
-8.664301459550614037e-01
-6.217304636941651808e-01
-1.776437887239501467e-01
-2.664240803267021729e-01
4.703187516521190048e-01
7.921157348082721317e-01
3.690836755669031355e-01
-5.384210401245284050e-01
1.814040826182536925e-01
4.552781538234214054e-01
6.668590216050334085e-01
8.464819148321414133e-01
-7.570075024962403809e-01
1.058308082668402150e-01
-8.929362762252608388e-01
-7.562418724837602912e-01
-3.026911884983267687e-01
9.873729320449817770e-01
-1.821992123107054606e-01
-7.042963925384049251e-01
-8.975203764917940585e-01
-7.022338062059647612e-01
-7.472313218252211175e-01
-5.416934775325343843e-01
5.001407447494852221e-01
-4.247218537975061547e-01
8.148545054299649593e-02
2.954974704721933243e-01
3.998828959645559511e-01
7.635584410687150658e-01
7.702013166827346158e-01
4.231113181914918364e-01
9.929872388173219822e-01
-8.326661132726740355e-01
9.743195092974055171e-03
3.390760145980835638e-01
-2.011715578132928783e-01
6.620087412022024331e-02
5.730383037411890257e-01
-5.564865737074677909e-01
1.583486841371681830e-01
5.974233370088344319e-01
2.058078280478923272e-01
5.157996903391419696e-01
-3.892479085013684781e-01
-9.770349793566110996e-01
-1.513486325572550584e-01
-8.611855471234013404e-01
8.013350718068292800e-01
-7.421215329494827984e-01
-8.946635790413195455e-01
-2.538509176178564974e-01
-4.636626052507932805e-01
-6.879173083153187207e-01
-3.676194621885846558e-01
3.076642484695886193e-01
-4.674937311758697867e-01
8.323090023947132821e-01
1.141464534158542765e-01
1.224702123533893960e-02
-6.086959447856374883e-01
3.907258790193111064e-01
-5.463414693791035504e-02
1.359166291500075729e-01
6.441762562082655741e-01
-7.710226517206759667e-01
-4.945000263149901265e-01
7.764149281352830112e-01
-3.474587756272631278e-01
7.320041047557415137e-01
6.524555432385521492e-01
-1.528532524924113289e-01
-6.862443358646452829e-01
-2.233864500430386979e-01
-3.032793334421961529e-01
5.729991553836937257e-01
6.247414589880599944e-01
-5.061895025536420345e-01
-4.906660181514121977e-01
9.683118417784484233e-01
3.096445067773512250e-01
3.642958675470087115e-01
4.620539462038040224e-01
-1.161601437961552463e-01
1.797890271919040384e-01
-4.047740313957199909e-01
-6.648758336012996484e-01
8.997957887252818754e-01
3.501938042095527059e-01
-7.956164146061497355e-01
-4.102107265576608874e-01
-6.251503930192288117e-01
-6.380860064293925049e-01
-3.551849276827334645e-01
-8.147170235575100783e-01
4.833837362813686589e-01
6.963823881674073846e-01
-9.173627093661309573e-01
6.141014622571046022e-01
6.313060173648095130e-01
-5.930000055563484640e-01
3.935570213860706268e-02
6.159616088055217542e-01
-2.765238915404761855e-01
-6.345377842775135058e-02
-8.303932094326276214e-01
7.065273690988804756e-01
-8.813591628763444152e-01
-5.563473498273028284e-01
3.949026982881442827e-02
7.104614073354769133e-01
-5.834639414606157537e-02
2.766818976752913883e-01
-7.047430657298703327e-01
-3.062325849587568261e-01
1.365229371369443001e-01
2.943935535557606897e-03
7.757568111793260446e-01
-2.749452926067526004e-01
4.730840680978549706e-01
5.378822844900876810e-01
9.627209617622578541e-01
-7.824623255627021212e-01
-5.751563929643337403e-01
-2.273123707977848795e-01
8.131821889268107117e-01
4.655175523171251051e-02
-9.680892202651709688e-01
-3.883356365512105057e-01
-5.517785386463265329e-01
4.593270103072206734e-01
2.210794477046851281e-01
7.637917208387383639e-01
8.806791950405372660e-01
3.671967845163890409e-01
-2.763511084913736759e-01
-1.029429393040257601e-01
1.254330927243516580e-01
7.867144249448696502e-01
1.150384158555937120e-01
4.885718540683043898e-01
-6.220048049548403402e-01
-4.870356942727616101e-02
-8.738652528394439400e-01
6.437889692623783855e-01
1.494911653210320157e-01
5.655096800792132061e-01
-8.547599559319905005e-01
1.996450117080552644e-01
-8.171949998256267111e-01
7.547413464340146927e-01
7.904613903975217237e-01
