-0.000000000000000000e+00
-0.000000000000000000e+00
-0.000000000000000000e+00
-0.000000000000000000e+00
0.000000000000000000e+00
0.000000000000000000e+00
-8.541198808768118989e-02
-0.000000000000000000e+00
-1.954644832314495206e-01
3.565023735363894164e-01
0.000000000000000000e+00
5.549311501972421096e-02
-0.000000000000000000e+00
-0.000000000000000000e+00
-0.000000000000000000e+00
0.000000000000000000e+00
0.000000000000000000e+00
-0.000000000000000000e+00
0.000000000000000000e+00
1.909969003790157605e-01
-0.000000000000000000e+00
0.000000000000000000e+00
0.000000000000000000e+00
-9.617409842102669915e-02
0.000000000000000000e+00
-0.000000000000000000e+00
-0.000000000000000000e+00
-0.000000000000000000e+00
0.000000000000000000e+00
0.000000000000000000e+00
9.436722787284591851e-02
2.308282594573801416e-01
-0.000000000000000000e+00
-0.000000000000000000e+00
0.000000000000000000e+00
-0.000000000000000000e+00
2.123856403128679682e-01
0.000000000000000000e+00
0.000000000000000000e+00
-0.000000000000000000e+00
0.000000000000000000e+00
-0.000000000000000000e+00
0.000000000000000000e+00
0.000000000000000000e+00
-0.000000000000000000e+00
0.000000000000000000e+00
0.000000000000000000e+00
0.000000000000000000e+00
0.000000000000000000e+00
-2.699070716880993398e-03
0.000000000000000000e+00
-0.000000000000000000e+00
-0.000000000000000000e+00
-0.000000000000000000e+00
-0.000000000000000000e+00
-0.000000000000000000e+00
-0.000000000000000000e+00
0.000000000000000000e+00
-0.000000000000000000e+00
0.000000000000000000e+00
-0.000000000000000000e+00
-6.622939930666976727e-01
-0.000000000000000000e+00
-0.000000000000000000e+00
-0.000000000000000000e+00
-0.000000000000000000e+00
2.799763839028201473e-01
-0.000000000000000000e+00
0.000000000000000000e+00
-0.000000000000000000e+00
-0.000000000000000000e+00
0.000000000000000000e+00
-0.000000000000000000e+00
-0.000000000000000000e+00
-0.000000000000000000e+00
0.000000000000000000e+00
3.460223023729375180e-01
-1.574025031615379211e-01
-0.000000000000000000e+00
0.000000000000000000e+00
-0.000000000000000000e+00
-0.000000000000000000e+00
0.000000000000000000e+00
-0.000000000000000000e+00
-0.000000000000000000e+00
-0.000000000000000000e+00
0.000000000000000000e+00
0.000000000000000000e+00
-0.000000000000000000e+00
0.000000000000000000e+00
0.000000000000000000e+00
-2.517081553070566469e-01
0.000000000000000000e+00
2.301733686517948296e-02
-0.000000000000000000e+00
-1.387436949910926531e-01
-0.000000000000000000e+00
3.552152992767653727e-01
0.000000000000000000e+00
-0.000000000000000000e+00
0.000000000000000000e+00
-0.000000000000000000e+00
0.000000000000000000e+00
0.000000000000000000e+00
-0.000000000000000000e+00
0.000000000000000000e+00
7.309247580658422005e-02
0.000000000000000000e+00
-0.000000000000000000e+00
0.000000000000000000e+00
2.132437259110774030e-01
0.000000000000000000e+00
1.841720242817440900e-01
-0.000000000000000000e+00
0.000000000000000000e+00
-0.000000000000000000e+00
-2.462076270462681404e-01
-8.256614506294528144e-02
0.000000000000000000e+00
-0.000000000000000000e+00
-3.751258510161625814e-01
-1.509064064926888826e-01
0.000000000000000000e+00
0.000000000000000000e+00
-0.000000000000000000e+00
0.000000000000000000e+00
-1.406385272292482169e-01
-0.000000000000000000e+00
-0.000000000000000000e+00
-0.000000000000000000e+00
0.000000000000000000e+00
1.425395484810856352e-02
0.000000000000000000e+00
0.000000000000000000e+00
0.000000000000000000e+00
5.827950618007987638e-02
-2.917687173512880650e-01
0.000000000000000000e+00
-0.000000000000000000e+00
1.804011894696546936e-01
0.000000000000000000e+00
-1.193072104361019709e-01
-0.000000000000000000e+00
-0.000000000000000000e+00
0.000000000000000000e+00
-7.317737826107947319e-01
0.000000000000000000e+00
-6.551516625898783086e-02
0.000000000000000000e+00
0.000000000000000000e+00
0.000000000000000000e+00
-0.000000000000000000e+00
2.695431802468558624e-01
-0.000000000000000000e+00
-0.000000000000000000e+00
-1.248639342065153424e-01
0.000000000000000000e+00
0.000000000000000000e+00
0.000000000000000000e+00
-0.000000000000000000e+00
0.000000000000000000e+00
1.177977769336484154e-01
-0.000000000000000000e+00
-0.000000000000000000e+00
0.000000000000000000e+00
0.000000000000000000e+00
2.150376751713557466e-01
-1.259492051886443482e-02
2.000345343651431795e-01
-0.000000000000000000e+00
0.000000000000000000e+00
-0.000000000000000000e+00
0.000000000000000000e+00
0.000000000000000000e+00
-0.000000000000000000e+00
-0.000000000000000000e+00
0.000000000000000000e+00
-0.000000000000000000e+00
0.000000000000000000e+00
-0.000000000000000000e+00
-0.000000000000000000e+00
-5.065609462653021533e-02
0.000000000000000000e+00
0.000000000000000000e+00
0.000000000000000000e+00
-4.456689397435223965e-01
-0.000000000000000000e+00
-0.000000000000000000e+00
-4.457300914264762937e-01
-0.000000000000000000e+00
-2.013941348193445946e-01
-0.000000000000000000e+00
0.000000000000000000e+00
0.000000000000000000e+00
-0.000000000000000000e+00
0.000000000000000000e+00
0.000000000000000000e+00
0.000000000000000000e+00
-0.000000000000000000e+00
0.000000000000000000e+00
0.000000000000000000e+00
0.000000000000000000e+00
3.699181757708449592e-01
0.000000000000000000e+00
0.000000000000000000e+00
0.000000000000000000e+00
-0.000000000000000000e+00
0.000000000000000000e+00
7.533632117444181986e-02
-1.451484273815358272e-01
0.000000000000000000e+00
1.223858155896220545e-01
0.000000000000000000e+00
2.761457287603408250e-01
-0.000000000000000000e+00
0.000000000000000000e+00
-0.000000000000000000e+00
0.000000000000000000e+00
0.000000000000000000e+00
0.000000000000000000e+00
0.000000000000000000e+00
0.000000000000000000e+00
-0.000000000000000000e+00
-0.000000000000000000e+00
-0.000000000000000000e+00
-0.000000000000000000e+00
0.000000000000000000e+00
0.000000000000000000e+00
0.000000000000000000e+00
0.000000000000000000e+00
0.000000000000000000e+00
-0.000000000000000000e+00
-0.000000000000000000e+00
-0.000000000000000000e+00
0.000000000000000000e+00
6.717617891534959085e-02
-0.000000000000000000e+00
5.802727563893776974e-01
-0.000000000000000000e+00
-0.000000000000000000e+00
0.000000000000000000e+00
-5.103921823859408624e-01
-2.878711129209147734e-01
-0.000000000000000000e+00
-0.000000000000000000e+00
2.651735758256423825e-02
0.000000000000000000e+00
-0.000000000000000000e+00
0.000000000000000000e+00
-0.000000000000000000e+00
-1.314479163286452479e-01
-3.763577064437542696e-02
0.000000000000000000e+00
-0.000000000000000000e+00
0.000000000000000000e+00
0.000000000000000000e+00
0.000000000000000000e+00
0.000000000000000000e+00
-0.000000000000000000e+00
1.401395300170513447e-01
0.000000000000000000e+00
-0.000000000000000000e+00
0.000000000000000000e+00
-0.000000000000000000e+00
-2.732169816401173665e-02
