-3.645747838559014742e-01
9.911260381012532150e-05
-6.348097047402625481e-01
-9.203903895889435915e-01
4.368366805666659136e-01
-7.235530854980025683e-01
4.725081709118437168e-01
3.447175684496237569e-01
6.859894572379330313e-01
3.892007209770327325e-01
-7.421592327402222189e-01
4.368853087790793843e-01
6.160477121186287430e-01
-3.840593189602863333e-01
-7.787321454974283075e-01
-1.997446406655560835e-01
8.814636163791407242e-01
7.022936822734608953e-01
-2.209630024067288367e-02
-1.244218960425975684e-01
1.304451612627477441e-01
3.017098818798598092e-01
9.458341839353006097e-01
2.413383780544073876e-01
-3.013940176730400822e-01
4.875271934322442657e-01
-9.671362700555119485e-01
4.162449248380413191e-01
8.776994615982778303e-01
1.967203204187435439e-01
-2.022809995111831682e-01
-8.202857390662994241e-01
7.807131106234395101e-01
-2.700616566863334178e-02
-2.724076656072607072e-01
-2.727527166553409543e-01
2.436748149092295979e-01
2.793303724034919000e-01
3.865702543833318128e-01
6.492272675090520195e-01
5.218290480640443985e-01
-4.507613225408952928e-01
7.167734261478739821e-01
9.417564669835083446e-01
1.818660108313630008e-01
2.508376189725618488e-01
6.050111712563825961e-01
-9.998251427927622448e-01
-5.651972137412080155e-01
6.880052437313326497e-01
3.841129490657615442e-01
3.520199351942379096e-01
-3.282491843475443538e-01
-3.459745876217006355e-01
8.654361454338919124e-01
-3.850490474779655337e-02
-6.993373796145840871e-01
-9.200778676171239567e-01
6.299053891617742984e-01
4.444287870732599455e-01
-3.873866473879148398e-01
-3.661172428885590691e-01
-8.392723001256785498e-01
-5.298834748685261609e-01
-8.068502828505592639e-01
4.234847966391230845e-01
-8.223208186523935925e-01
-2.179937479481059981e-01
-6.614727093538979030e-01
4.045054894200699191e-01
-6.016216773305720356e-01
5.674241070566294898e-01
2.791226467506104925e-01
3.859337445593082894e-01
-9.164911991704332017e-01
9.255673088061706633e-01
4.000468581791438716e-01
8.004329652562480746e-03
-9.096291349089928868e-01
-4.841209679015816558e-01
4.342892181991473421e-01
-3.458928605682221047e-02
-2.366209055179835374e-01
-9.107344849036540513e-01
5.901608258506374494e-01
9.250904730067510684e-03
2.426563436034696597e-01
-3.369167482270625236e-01
-9.409229502368616771e-01
6.687678148496838393e-01
8.797434567783537496e-01
-7.730633382518676822e-01
4.064041872326882299e-01
-2.795928368737210512e-02
-3.087985026479853623e-01
-7.799967775570166850e-01
1.595371295135306067e-01
5.505912074356067443e-02
-7.680778407737036684e-01
-9.900167500871461801e-01
5.016953517702535947e-01
6.968092113433070889e-01
-5.144988454381549392e-01
-4.258991921083532528e-01
-3.742364371584738780e-01
-3.614038665255403515e-01
1.866774497799226218e-01
-3.084996146214273871e-01
1.495211866913661591e-01
1.972800064322541846e-01
9.926486618924612593e-01
5.213204913131934681e-01
1.514705993063263367e-01
4.703428999221379581e-01
1.633566702449515962e-01
-7.909763895382715404e-02
-4.244909377966659125e-01
-5.028869434904597036e-01
-1.517165888564109277e-01
-8.404585821412113855e-01
2.487953391785069357e-01
-8.849974626046013260e-01
-9.362278913226873556e-02
7.666551871771187798e-01
3.770440104204526577e-01
-9.221400317319845552e-01
4.412893306735394816e-01
6.017636132586510200e-01
6.197354905642560308e-01
4.143143364563219855e-01
8.791397462122274575e-01
-8.226908229876781498e-01
4.751176146429059166e-01
-4.581180384894065760e-01
-7.193426626860470741e-01
5.287833652338558288e-01
-3.635943712474072331e-01
-3.683892482497277410e-01
4.414419667188742569e-01
-9.417476669190083527e-02
3.310138816325731703e-01
3.689373059754070816e-01
-5.465144413750271379e-01
-9.565537875620266917e-01
-6.530135303412623049e-01
1.152367894919497093e-01
-8.561519172384171039e-01
9.768395989591629469e-01
1.404180254705309494e-01
4.281084068298237622e-01
5.840054386711630574e-01
4.394831898569713236e-01
5.297519542064752507e-01
5.497864637406113530e-02
9.424905314095015640e-01
-2.960320428316820518e-02
7.407465980841054787e-02
3.474551533511061052e-04
8.211980487132992668e-01
-1.081624474109132983e-02
3.056616171879882327e-01
-9.613229391850199868e-01
-9.650035516775115063e-01
1.992172609410591821e-01
4.781753448969323639e-01
3.187411338140200279e-01
-8.502396181984217538e-01
-5.547653384300652579e-01
8.580818855251697297e-01
-6.561633909436823675e-01
-2.503690324039216097e-01
5.991214730566096769e-02
-8.773466838715273663e-01
-2.248042328503783160e-01
6.591384399568398500e-01
9.651155637486541483e-01
-7.652802935380194072e-01
-4.236958070557614864e-01
-8.469949228624398252e-01
-2.584518550860581687e-01
-4.761157783904454988e-01
-9.466012535035837061e-01
7.685393834990299489e-01
7.954943164941186140e-02
-8.065499374367717245e-01
-3.927666862797316583e-01
-9.999894740931918324e-01
-9.682614541091936200e-01
4.795241660983708964e-01
3.055282755019226304e-01
-7.714727426803906774e-01
1.206368986167529744e-01
1.025163442748691089e-01
5.923874023003965483e-01
-4.087586286629798504e-01
2.816794990223443484e-01
-8.284089300935322253e-01
-3.545953393095708783e-01
-1.109148110965041401e-01
6.906910975235838190e-01
4.440792860343552029e-01
6.569372669620587857e-02
-2.030462200668714523e-01
4.957753303889973484e-01
3.498070591103321636e-01
-8.189554492936903518e-01
-9.849051688446623931e-01
-1.877546276248851509e-01
9.504536818283051414e-01
5.394816580209527146e-02
3.945339094094546528e-01
8.234926380540974478e-02
1.319156052513283939e-01
8.262313062824628851e-01
5.233229351541408558e-01
-6.776551616619532759e-01
-6.276469064812313370e-01
-4.532527584763594852e-01
1.097278344273067141e-01
8.272794678362354048e-01
-3.616235622133971983e-01
-1.478796082955968760e-01
9.688141807473737988e-01
-6.093261461858083816e-01
-6.181925547687479039e-01
-7.113726579019905571e-01
-5.861375540058200162e-01
4.401319242926358122e-01
9.219490104407497277e-01
9.039025487036818074e-01
6.402951516481933947e-01
1.643549210552377460e-01
1.479740498995063547e-02
6.320417956178949748e-01
2.954408592767676645e-01
4.152277597940186027e-01
-9.409074525435636716e-01
7.303018942171244365e-01
-7.828389502854371518e-01
-5.384055831749603449e-01
-2.083952870839518301e-01
-4.405161316520154191e-01
1.015555594962376240e-01
-4.352550046193268685e-01
9.992615378419917871e-01
8.555986702744839967e-01
-2.264610411517398170e-02
7.267392813072652835e-01
-9.153411167082898814e-01
7.312343059978521076e-02
9.192080338028054687e-01
9.198047199751169245e-01
-5.702342198528185246e-01
-8.970644952996382759e-01
2.506400188755661951e-01
1.596662041673884147e-01
4.796976567667594615e-01
5.520729569631026568e-01
7.235590177436421744e-01
-8.504569940180473075e-01
-4.042644286844281343e-01
9.900748229276610246e-01
-6.105610725909527137e-01
-9.500083451197769424e-01
9.988953453279147965e-01
