1.911680400893051579e-01
0.000000000000000000e+00
-8.916644509122813311e-02
0.000000000000000000e+00
-0.000000000000000000e+00
-0.000000000000000000e+00
-2.336510273353854805e-01
-0.000000000000000000e+00
-0.000000000000000000e+00
0.000000000000000000e+00
0.000000000000000000e+00
-8.069505787064409352e-01
0.000000000000000000e+00
-1.159786523590008445e-01
-1.197993395240767589e-01
0.000000000000000000e+00
-0.000000000000000000e+00
0.000000000000000000e+00
0.000000000000000000e+00
-0.000000000000000000e+00
-1.623385638635255201e-01
-0.000000000000000000e+00
0.000000000000000000e+00
-0.000000000000000000e+00
0.000000000000000000e+00
-0.000000000000000000e+00
-0.000000000000000000e+00
-3.587911547699497161e-01
2.559222975381466036e-01
-0.000000000000000000e+00
-0.000000000000000000e+00
2.345034007130722131e-01
0.000000000000000000e+00
-0.000000000000000000e+00
-0.000000000000000000e+00
9.066513729032404934e-02
-0.000000000000000000e+00
0.000000000000000000e+00
0.000000000000000000e+00
0.000000000000000000e+00
0.000000000000000000e+00
0.000000000000000000e+00
-0.000000000000000000e+00
-0.000000000000000000e+00
-0.000000000000000000e+00
0.000000000000000000e+00
6.887358022609509425e-03
0.000000000000000000e+00
0.000000000000000000e+00
3.238866938599029022e-02
-1.066169634795939153e-01
5.459141926826232005e-01
3.558079628626884539e-01
0.000000000000000000e+00
-0.000000000000000000e+00
-0.000000000000000000e+00
1.868168015729678999e-01
-0.000000000000000000e+00
0.000000000000000000e+00
-0.000000000000000000e+00
0.000000000000000000e+00
0.000000000000000000e+00
0.000000000000000000e+00
0.000000000000000000e+00
-0.000000000000000000e+00
-0.000000000000000000e+00
-0.000000000000000000e+00
-0.000000000000000000e+00
0.000000000000000000e+00
2.814508005824456136e-02
-0.000000000000000000e+00
0.000000000000000000e+00
0.000000000000000000e+00
0.000000000000000000e+00
-0.000000000000000000e+00
-0.000000000000000000e+00
2.407337118155760958e-01
-0.000000000000000000e+00
0.000000000000000000e+00
0.000000000000000000e+00
3.120665659016452417e-02
-4.775972314668755492e-01
-0.000000000000000000e+00
0.000000000000000000e+00
0.000000000000000000e+00
-0.000000000000000000e+00
-3.067936936450657015e-01
2.253427952109651189e-01
-0.000000000000000000e+00
0.000000000000000000e+00
-0.000000000000000000e+00
-0.000000000000000000e+00
-0.000000000000000000e+00
-0.000000000000000000e+00
-0.000000000000000000e+00
-0.000000000000000000e+00
0.000000000000000000e+00
3.033483048717210973e-01
-0.000000000000000000e+00
-0.000000000000000000e+00
-0.000000000000000000e+00
0.000000000000000000e+00
0.000000000000000000e+00
-4.006148397357603419e-02
-0.000000000000000000e+00
-0.000000000000000000e+00
-0.000000000000000000e+00
-0.000000000000000000e+00
0.000000000000000000e+00
2.091347549384043325e-01
-2.791976646926995747e-03
-0.000000000000000000e+00
0.000000000000000000e+00
0.000000000000000000e+00
0.000000000000000000e+00
-0.000000000000000000e+00
-2.458059135793680960e-01
-1.366593382399154373e-03
0.000000000000000000e+00
-0.000000000000000000e+00
0.000000000000000000e+00
0.000000000000000000e+00
-6.108478495711721079e-01
0.000000000000000000e+00
-7.228008383501215162e-02
0.000000000000000000e+00
0.000000000000000000e+00
-0.000000000000000000e+00
-0.000000000000000000e+00
-0.000000000000000000e+00
1.547868996332585345e-02
-2.754693991041992640e-01
-0.000000000000000000e+00
0.000000000000000000e+00
0.000000000000000000e+00
0.000000000000000000e+00
0.000000000000000000e+00
-0.000000000000000000e+00
0.000000000000000000e+00
-0.000000000000000000e+00
-0.000000000000000000e+00
2.857647535983601217e-01
-0.000000000000000000e+00
0.000000000000000000e+00
0.000000000000000000e+00
-1.371854090322118525e-01
-0.000000000000000000e+00
0.000000000000000000e+00
0.000000000000000000e+00
0.000000000000000000e+00
-0.000000000000000000e+00
0.000000000000000000e+00
-0.000000000000000000e+00
1.340295066513643996e-01
-1.758996934496704356e-01
0.000000000000000000e+00
-0.000000000000000000e+00
0.000000000000000000e+00
0.000000000000000000e+00
0.000000000000000000e+00
0.000000000000000000e+00
-0.000000000000000000e+00
-0.000000000000000000e+00
4.817618128232123986e-01
0.000000000000000000e+00
0.000000000000000000e+00
0.000000000000000000e+00
0.000000000000000000e+00
-0.000000000000000000e+00
0.000000000000000000e+00
-4.384220597692717325e-01
-0.000000000000000000e+00
-0.000000000000000000e+00
-0.000000000000000000e+00
-0.000000000000000000e+00
-0.000000000000000000e+00
0.000000000000000000e+00
0.000000000000000000e+00
5.571929654158161993e-01
-0.000000000000000000e+00
-2.094569072343526739e-01
-2.713600363375386904e-01
-2.645021674226786801e-01
-0.000000000000000000e+00
-0.000000000000000000e+00
-0.000000000000000000e+00
1.845486298222289157e-01
0.000000000000000000e+00
-0.000000000000000000e+00
-0.000000000000000000e+00
-0.000000000000000000e+00
9.819907045326362049e-02
-0.000000000000000000e+00
-3.208211065032038900e-01
-5.184547923448520335e-01
-0.000000000000000000e+00
0.000000000000000000e+00
-0.000000000000000000e+00
-0.000000000000000000e+00
-0.000000000000000000e+00
-0.000000000000000000e+00
-0.000000000000000000e+00
0.000000000000000000e+00
0.000000000000000000e+00
0.000000000000000000e+00
0.000000000000000000e+00
-0.000000000000000000e+00
0.000000000000000000e+00
0.000000000000000000e+00
8.500710053869148242e-02
-1.075618112063387172e-01
9.020947611052713977e-02
0.000000000000000000e+00
2.148043315887199489e-01
3.730330604571902714e-02
-0.000000000000000000e+00
0.000000000000000000e+00
-0.000000000000000000e+00
-0.000000000000000000e+00
-0.000000000000000000e+00
0.000000000000000000e+00
-4.678059023634705271e-01
0.000000000000000000e+00
0.000000000000000000e+00
0.000000000000000000e+00
-0.000000000000000000e+00
-0.000000000000000000e+00
0.000000000000000000e+00
-0.000000000000000000e+00
0.000000000000000000e+00
-0.000000000000000000e+00
-4.543375549108153444e-01
-0.000000000000000000e+00
0.000000000000000000e+00
0.000000000000000000e+00
-0.000000000000000000e+00
-0.000000000000000000e+00
0.000000000000000000e+00
7.016732057708782166e-01
0.000000000000000000e+00
-0.000000000000000000e+00
5.392022587406501977e-01
2.793988595481097237e-01
0.000000000000000000e+00
-0.000000000000000000e+00
4.104781612019042236e-01
-0.000000000000000000e+00
-0.000000000000000000e+00
-2.360065714468611298e-01
0.000000000000000000e+00
0.000000000000000000e+00
0.000000000000000000e+00
-0.000000000000000000e+00
-9.192025526153280168e-02
-0.000000000000000000e+00
0.000000000000000000e+00
0.000000000000000000e+00
-0.000000000000000000e+00
-0.000000000000000000e+00
-0.000000000000000000e+00
-3.834953711652456243e-01
0.000000000000000000e+00
-0.000000000000000000e+00
0.000000000000000000e+00
0.000000000000000000e+00
