0.000000000000000000e+00
-0.000000000000000000e+00
0.000000000000000000e+00
1.408691937148284223e-01
-1.637676027490302944e-01
0.000000000000000000e+00
0.000000000000000000e+00
0.000000000000000000e+00
0.000000000000000000e+00
-0.000000000000000000e+00
3.991849496409793363e-01
-3.130265789240753715e-01
0.000000000000000000e+00
0.000000000000000000e+00
0.000000000000000000e+00
-0.000000000000000000e+00
-0.000000000000000000e+00
2.841884670271391938e-02
0.000000000000000000e+00
0.000000000000000000e+00
0.000000000000000000e+00
0.000000000000000000e+00
3.145286765549207275e-01
0.000000000000000000e+00
-0.000000000000000000e+00
-0.000000000000000000e+00
0.000000000000000000e+00
-0.000000000000000000e+00
9.696106915571377216e-02
0.000000000000000000e+00
4.912023675443877302e-02
-0.000000000000000000e+00
0.000000000000000000e+00
-0.000000000000000000e+00
0.000000000000000000e+00
-0.000000000000000000e+00
-0.000000000000000000e+00
0.000000000000000000e+00
0.000000000000000000e+00
0.000000000000000000e+00
-0.000000000000000000e+00
0.000000000000000000e+00
0.000000000000000000e+00
4.754406125656268078e-01
0.000000000000000000e+00
-5.735250724304643555e-01
1.045394035938577125e-02
-0.000000000000000000e+00
-0.000000000000000000e+00
0.000000000000000000e+00
-0.000000000000000000e+00
-2.908848807587402843e-02
0.000000000000000000e+00
0.000000000000000000e+00
-1.895216531073814492e-01
-3.881813583741101081e-01
-0.000000000000000000e+00
0.000000000000000000e+00
-0.000000000000000000e+00
-0.000000000000000000e+00
0.000000000000000000e+00
0.000000000000000000e+00
-1.614439412272021535e-01
-2.173838436777985328e-01
0.000000000000000000e+00
1.495675199057723281e-01
0.000000000000000000e+00
-4.004970646927570321e-01
0.000000000000000000e+00
-0.000000000000000000e+00
-0.000000000000000000e+00
0.000000000000000000e+00
-0.000000000000000000e+00
5.525870074867769155e-01
0.000000000000000000e+00
-0.000000000000000000e+00
0.000000000000000000e+00
-0.000000000000000000e+00
-0.000000000000000000e+00
2.562844864686619067e-02
0.000000000000000000e+00
0.000000000000000000e+00
-6.660373473985496673e-02
-0.000000000000000000e+00
-0.000000000000000000e+00
-0.000000000000000000e+00
-0.000000000000000000e+00
0.000000000000000000e+00
-0.000000000000000000e+00
-0.000000000000000000e+00
-1.905640034092046312e-02
-0.000000000000000000e+00
0.000000000000000000e+00
-0.000000000000000000e+00
1.096498756957147297e-01
0.000000000000000000e+00
-0.000000000000000000e+00
-1.244035732687215345e-01
-0.000000000000000000e+00
0.000000000000000000e+00
0.000000000000000000e+00
-4.000860606166140587e-01
1.711148638748624384e-01
0.000000000000000000e+00
-0.000000000000000000e+00
-0.000000000000000000e+00
-0.000000000000000000e+00
-0.000000000000000000e+00
-0.000000000000000000e+00
0.000000000000000000e+00
5.006626688693495419e-02
-0.000000000000000000e+00
0.000000000000000000e+00
0.000000000000000000e+00
0.000000000000000000e+00
6.271558326881018219e-01
-0.000000000000000000e+00
-0.000000000000000000e+00
0.000000000000000000e+00
-0.000000000000000000e+00
-0.000000000000000000e+00
0.000000000000000000e+00
0.000000000000000000e+00
-0.000000000000000000e+00
-0.000000000000000000e+00
0.000000000000000000e+00
0.000000000000000000e+00
0.000000000000000000e+00
0.000000000000000000e+00
0.000000000000000000e+00
-4.453004155605732595e-01
-2.052972980773645206e-01
0.000000000000000000e+00
0.000000000000000000e+00
-0.000000000000000000e+00
-0.000000000000000000e+00
-0.000000000000000000e+00
0.000000000000000000e+00
-0.000000000000000000e+00
-0.000000000000000000e+00
-0.000000000000000000e+00
1.803086748294267100e-02
0.000000000000000000e+00
-5.457720908377177160e-01
-0.000000000000000000e+00
0.000000000000000000e+00
2.431590182967362790e-01
-0.000000000000000000e+00
-0.000000000000000000e+00
0.000000000000000000e+00
0.000000000000000000e+00
-0.000000000000000000e+00
0.000000000000000000e+00
-0.000000000000000000e+00
0.000000000000000000e+00
-1.312020841921555762e-02
-3.610404469173426611e-01
0.000000000000000000e+00
0.000000000000000000e+00
-0.000000000000000000e+00
0.000000000000000000e+00
2.153237354858098807e-01
-0.000000000000000000e+00
-0.000000000000000000e+00
-0.000000000000000000e+00
0.000000000000000000e+00
-0.000000000000000000e+00
0.000000000000000000e+00
2.808626679557339398e-02
-0.000000000000000000e+00
3.121535395406063174e-01
-0.000000000000000000e+00
0.000000000000000000e+00
-0.000000000000000000e+00
1.457854626383506547e-01
-0.000000000000000000e+00
0.000000000000000000e+00
0.000000000000000000e+00
-0.000000000000000000e+00
0.000000000000000000e+00
0.000000000000000000e+00
0.000000000000000000e+00
0.000000000000000000e+00
-0.000000000000000000e+00
-0.000000000000000000e+00
-0.000000000000000000e+00
0.000000000000000000e+00
-0.000000000000000000e+00
0.000000000000000000e+00
-7.522420366129635438e-02
-0.000000000000000000e+00
0.000000000000000000e+00
-1.768568402737067113e-01
-0.000000000000000000e+00
0.000000000000000000e+00
-5.518105364661926582e-02
-0.000000000000000000e+00
-0.000000000000000000e+00
0.000000000000000000e+00
-0.000000000000000000e+00
0.000000000000000000e+00
0.000000000000000000e+00
-0.000000000000000000e+00
-0.000000000000000000e+00
0.000000000000000000e+00
0.000000000000000000e+00
3.533042202959864597e-01
-0.000000000000000000e+00
-0.000000000000000000e+00
-1.176324428439980418e-01
-0.000000000000000000e+00
2.012516449816398045e-01
-0.000000000000000000e+00
0.000000000000000000e+00
7.059569071491868242e-02
0.000000000000000000e+00
-1.022267798166731634e-01
-0.000000000000000000e+00
-0.000000000000000000e+00
0.000000000000000000e+00
-0.000000000000000000e+00
0.000000000000000000e+00
-0.000000000000000000e+00
-0.000000000000000000e+00
0.000000000000000000e+00
0.000000000000000000e+00
0.000000000000000000e+00
-3.922729892675577146e-01
-0.000000000000000000e+00
0.000000000000000000e+00
-0.000000000000000000e+00
-0.000000000000000000e+00
-6.419353847298180371e-01
-0.000000000000000000e+00
-0.000000000000000000e+00
-0.000000000000000000e+00
-0.000000000000000000e+00
4.226597676290435035e-01
0.000000000000000000e+00
-0.000000000000000000e+00
-0.000000000000000000e+00
-0.000000000000000000e+00
-0.000000000000000000e+00
-0.000000000000000000e+00
-6.635880191711098636e-03
0.000000000000000000e+00
-0.000000000000000000e+00
-1.918110217426891376e-02
5.903287913000797582e-01
-0.000000000000000000e+00
0.000000000000000000e+00
-3.848013655039461134e-01
1.967083180658685815e-01
-0.000000000000000000e+00
0.000000000000000000e+00
0.000000000000000000e+00
-0.000000000000000000e+00
0.000000000000000000e+00
-0.000000000000000000e+00
0.000000000000000000e+00
0.000000000000000000e+00
-0.000000000000000000e+00
-0.000000000000000000e+00
-0.000000000000000000e+00
-0.000000000000000000e+00
