1.968089384113795304e-01
-0.000000000000000000e+00
-0.000000000000000000e+00
-0.000000000000000000e+00
-3.944423816797559129e-02
0.000000000000000000e+00
-0.000000000000000000e+00
-0.000000000000000000e+00
-0.000000000000000000e+00
0.000000000000000000e+00
0.000000000000000000e+00
-2.425207774495792279e-01
1.986668122119297775e-01
2.466818272874727463e-02
-0.000000000000000000e+00
-0.000000000000000000e+00
-0.000000000000000000e+00
-0.000000000000000000e+00
0.000000000000000000e+00
0.000000000000000000e+00
0.000000000000000000e+00
-0.000000000000000000e+00
-0.000000000000000000e+00
0.000000000000000000e+00
-0.000000000000000000e+00
0.000000000000000000e+00
0.000000000000000000e+00
-0.000000000000000000e+00
-5.313812812688516463e-01
0.000000000000000000e+00
7.079609097659258499e-01
0.000000000000000000e+00
0.000000000000000000e+00
0.000000000000000000e+00
-0.000000000000000000e+00
-2.714057151870024609e-01
-1.345681392918953723e-01
0.000000000000000000e+00
0.000000000000000000e+00
0.000000000000000000e+00
-0.000000000000000000e+00
0.000000000000000000e+00
4.413337475296110757e-01
-0.000000000000000000e+00
0.000000000000000000e+00
0.000000000000000000e+00
-0.000000000000000000e+00
-0.000000000000000000e+00
4.980486596237553854e-01
0.000000000000000000e+00
0.000000000000000000e+00
-0.000000000000000000e+00
-0.000000000000000000e+00
0.000000000000000000e+00
-0.000000000000000000e+00
-0.000000000000000000e+00
-0.000000000000000000e+00
3.323669244063535144e-01
2.160206299950729880e-01
0.000000000000000000e+00
-0.000000000000000000e+00
-0.000000000000000000e+00
0.000000000000000000e+00
0.000000000000000000e+00
-0.000000000000000000e+00
0.000000000000000000e+00
-0.000000000000000000e+00
-0.000000000000000000e+00
0.000000000000000000e+00
0.000000000000000000e+00
0.000000000000000000e+00
0.000000000000000000e+00
0.000000000000000000e+00
-0.000000000000000000e+00
0.000000000000000000e+00
-0.000000000000000000e+00
-0.000000000000000000e+00
-7.899612506315789595e-02
-0.000000000000000000e+00
-0.000000000000000000e+00
2.097201023547624055e-01
0.000000000000000000e+00
0.000000000000000000e+00
-0.000000000000000000e+00
-0.000000000000000000e+00
0.000000000000000000e+00
0.000000000000000000e+00
-1.716457559098757968e-01
-0.000000000000000000e+00
-0.000000000000000000e+00
2.164123763030795233e-01
0.000000000000000000e+00
0.000000000000000000e+00
0.000000000000000000e+00
-0.000000000000000000e+00
0.000000000000000000e+00
-0.000000000000000000e+00
0.000000000000000000e+00
0.000000000000000000e+00
-1.762411628539060637e-01
-0.000000000000000000e+00
0.000000000000000000e+00
-0.000000000000000000e+00
-0.000000000000000000e+00
-1.518623234383597864e-01
-0.000000000000000000e+00
-0.000000000000000000e+00
-1.257038564218175558e-01
-0.000000000000000000e+00
0.000000000000000000e+00
-0.000000000000000000e+00
2.340635432975530783e-01
0.000000000000000000e+00
0.000000000000000000e+00
2.483164418788723349e-01
5.002479634070341324e-02
-0.000000000000000000e+00
0.000000000000000000e+00
-0.000000000000000000e+00
-0.000000000000000000e+00
3.259509846304146086e-01
0.000000000000000000e+00
0.000000000000000000e+00
0.000000000000000000e+00
0.000000000000000000e+00
-0.000000000000000000e+00
-0.000000000000000000e+00
-0.000000000000000000e+00
0.000000000000000000e+00
0.000000000000000000e+00
-0.000000000000000000e+00
-1.641436854177643623e-01
0.000000000000000000e+00
0.000000000000000000e+00
-1.105102298900411534e-01
0.000000000000000000e+00
0.000000000000000000e+00
0.000000000000000000e+00
0.000000000000000000e+00
-1.555525814330476764e-01
-0.000000000000000000e+00
-0.000000000000000000e+00
-0.000000000000000000e+00
0.000000000000000000e+00
-1.741695188221855928e-01
-9.766873719612423344e-02
0.000000000000000000e+00
0.000000000000000000e+00
-2.259814535982938299e-01
0.000000000000000000e+00
-0.000000000000000000e+00
-0.000000000000000000e+00
3.736065219340069243e-02
2.137672913511413225e-02
-0.000000000000000000e+00
-1.436832699888146436e-01
-0.000000000000000000e+00
0.000000000000000000e+00
0.000000000000000000e+00
0.000000000000000000e+00
-2.995860682285387822e-01
0.000000000000000000e+00
0.000000000000000000e+00
1.133746874413647659e-01
0.000000000000000000e+00
2.019911715705638988e-01
0.000000000000000000e+00
5.725957180969832444e-02
-0.000000000000000000e+00
0.000000000000000000e+00
0.000000000000000000e+00
0.000000000000000000e+00
-7.692172671791455696e-02
0.000000000000000000e+00
0.000000000000000000e+00
-3.458955599424163307e-01
0.000000000000000000e+00
0.000000000000000000e+00
-0.000000000000000000e+00
-1.970147678110459877e-01
-1.118047168882891490e-01
2.069036396366316644e-01
0.000000000000000000e+00
-0.000000000000000000e+00
0.000000000000000000e+00
-1.010926923018161394e-01
7.552431157245499405e-01
-0.000000000000000000e+00
0.000000000000000000e+00
-0.000000000000000000e+00
-0.000000000000000000e+00
0.000000000000000000e+00
1.980152640645594653e-01
2.807286097933074931e-01
0.000000000000000000e+00
3.514378568742153597e-01
-0.000000000000000000e+00
-0.000000000000000000e+00
0.000000000000000000e+00
-0.000000000000000000e+00
0.000000000000000000e+00
-0.000000000000000000e+00
2.802977109763635233e-01
-0.000000000000000000e+00
-0.000000000000000000e+00
0.000000000000000000e+00
0.000000000000000000e+00
0.000000000000000000e+00
0.000000000000000000e+00
0.000000000000000000e+00
0.000000000000000000e+00
-0.000000000000000000e+00
0.000000000000000000e+00
2.645526718670608290e-01
0.000000000000000000e+00
-2.189034684058669689e-01
-0.000000000000000000e+00
1.489079458831230052e-01
0.000000000000000000e+00
-6.284681753364744494e-02
-0.000000000000000000e+00
-1.007745448015857082e-01
0.000000000000000000e+00
0.000000000000000000e+00
0.000000000000000000e+00
-0.000000000000000000e+00
-0.000000000000000000e+00
-0.000000000000000000e+00
0.000000000000000000e+00
2.077543071982621004e-01
-2.711161666066062848e-02
1.302671254509656651e-01
-0.000000000000000000e+00
0.000000000000000000e+00
1.866481487958694396e-01
0.000000000000000000e+00
-0.000000000000000000e+00
0.000000000000000000e+00
-0.000000000000000000e+00
-0.000000000000000000e+00
3.290063709579248985e-01
0.000000000000000000e+00
-0.000000000000000000e+00
0.000000000000000000e+00
-0.000000000000000000e+00
0.000000000000000000e+00
0.000000000000000000e+00
0.000000000000000000e+00
0.000000000000000000e+00
-0.000000000000000000e+00
0.000000000000000000e+00
5.683547968691416569e-02
-0.000000000000000000e+00
-0.000000000000000000e+00
2.247838472148173949e-01
0.000000000000000000e+00
-0.000000000000000000e+00
-0.000000000000000000e+00
0.000000000000000000e+00
-0.000000000000000000e+00
0.000000000000000000e+00
-0.000000000000000000e+00
0.000000000000000000e+00
0.000000000000000000e+00
-0.000000000000000000e+00
