7.958327084902883097e-01
-7.815755709654736982e-01
8.410230264747413642e-01
-2.663509632126248583e-02
1.887961735505250260e-01
-9.286779888268799077e-01
-9.487483738934288091e-02
8.283700703279974764e-01
-4.486864678050128674e-01
-1.885863934284697230e-01
4.044123965390451492e-01
8.720785211605142084e-01
-4.978636967944580771e-01
9.661321141962004866e-01
9.904792902653727360e-01
-4.397770655003530038e-02
-1.938228093720062439e-01
-1.404007435798113601e-01
-8.568835609614593452e-01
2.166258183911125013e-01
-8.285962868231135925e-01
5.282364149050564617e-01
-9.511852229742552289e-01
8.543068816530743348e-01
-4.263555492374633271e-01
-6.225361417213133297e-01
5.455045929472013277e-02
1.629979685644238341e-01
-1.639581358038642023e-01
5.962344565697050847e-01
-5.243663903719237851e-01
-3.635410502760334506e-01
-3.835761044963921229e-01
9.312492590731988873e-01
3.181219974335292022e-06
-7.524427580370569579e-01
-6.253532984712133480e-01
-9.713512771203633989e-01
-3.587179716724793188e-01
-1.833927718015890829e-01
-6.220561466070471113e-01
-6.973739473437410297e-01
-4.668929276517468363e-01
6.696678658073913493e-01
4.464227695472537949e-01
4.398905580184298003e-03
-5.962627239426310233e-01
-8.201621205822335892e-01
6.993675069857949733e-01
-5.337892858969077725e-01
4.661215764307098386e-01
9.945780604575258366e-01
-9.332356114493003396e-01
1.777735298912854756e-01
5.391908313628979155e-01
-5.927257926935372012e-01
1.526565998462103835e-01
3.644162013335316974e-01
-5.708074697977787437e-01
1.672383479217720570e-01
-9.945089804913394005e-01
7.460571538265996505e-01
-1.171332314794606422e-01
-1.699422063466153876e-01
-5.291816657040138150e-01
4.967930175417154537e-01
4.394404614457729785e-01
8.633988074302409998e-01
5.437966201828958734e-01
7.325736655654118135e-01
-5.967411336915555697e-01
5.903161401409569020e-01
2.534343226058497489e-01
1.030387723843548820e-01
-5.422447348381660426e-01
-7.389041456327714030e-01
8.093597899278279773e-01
-1.863055268793247787e-01
-8.607747251126245391e-01
4.127325407430750825e-01
-5.971213351500632704e-01
-8.160074364685496739e-01
-2.854654869157706720e-01
-2.852747282661918238e-01
4.153869488947339317e-01
5.884728255015294618e-01
-9.942430230099930100e-02
1.494876562231484129e-02
-6.039128347436999444e-01
-6.434940539143474414e-01
-6.029118558115507120e-01
9.302510688688305773e-01
9.484736827728630360e-01
-8.377738506472776070e-01
8.468808383583159571e-01
6.173928830322317207e-01
-1.964838588721611323e-01
1.097235332074901759e-01
4.708938336712504835e-01
8.149020512695199780e-01
2.038237498446360263e-01
7.088221879227463162e-02
3.285418832968947100e-01
4.758647432650378040e-01
6.093651279924579001e-01
-1.480843903881106094e-01
-5.155273796095245498e-01
-2.780978249536654179e-01
-7.936292650507210666e-01
5.027050040805967068e-01
4.533152450480977258e-01
-5.143904866091928429e-01
-1.211052645322754362e-01
-1.173008037016303184e-01
-3.670965888286281675e-01
8.506288793271983284e-01
9.651166443663981021e-01
2.086777223836528972e-01
-1.862112516234522008e-01
9.050819443930167019e-01
9.665716053103268202e-01
-7.442104426064433120e-02
6.078175438622137605e-01
8.786810866872392101e-01
-7.802240565496232350e-01
4.514245021337612851e-01
6.897034584563144222e-04
-9.963127146550139202e-01
4.963958091975553266e-01
-5.783075980254317461e-01
1.606813609126476194e-01
1.579941959688713204e-02
-7.703218135614342543e-01
1.186637042617255666e-01
-3.506301957795550095e-01
4.263161673849589217e-01
-4.067363155981604805e-01
-1.647176609463889552e-01
3.939427209018491194e-01
-7.015540470824190855e-01
-8.286287306354076510e-01
3.778588252169516881e-01
-3.467047606792124093e-01
-4.166883715441365155e-01
4.021469941514210777e-01
9.426351317691121778e-01
2.462526659690986719e-01
-5.045230714017452378e-01
-5.121588324001224990e-03
4.276492819520760769e-01
-7.937227749534230270e-01
-2.750458573934684292e-01
-1.543746027543615451e-01
-5.507871955067173975e-01
-1.913582602646257680e-01
-9.677452628001546042e-01
7.157227441119142775e-01
-5.093125798674487115e-01
-5.333213378943721938e-01
-7.914202398480940648e-01
5.157821201341432626e-01
8.357415113286150721e-01
-8.539990801830703582e-01
-5.741875919760781599e-01
4.017006825104521006e-01
-4.407457390091042981e-01
7.697330568755644808e-01
8.419772567667511698e-01
-2.996073469829960700e-01
-1.838836958344736150e-01
5.457406165840301693e-01
-5.355337749826398763e-01
6.343313448850684821e-01
3.842629865735964767e-01
3.596988822077737957e-01
-8.695510833559789710e-01
3.235212399781572934e-02
5.483227224399349620e-01
3.867878161320681407e-01
3.853417672724972487e-01
9.421556149401077995e-02
6.360902135873569563e-01
-1.409431286134725791e-01
7.955369570634263088e-01
3.598405602280405624e-01
-3.985459332617304895e-01
7.579956823694800061e-01
3.939731382106865798e-01
-6.530057764801062703e-01
1.369460007673033441e-01
7.418461869719337187e-01
-6.567561346418153700e-01
-7.548052710019406142e-01
-4.210867093084273982e-01
-4.539499680039593699e-02
5.086474087131966915e-01
-2.297039267489726644e-01
1.079799322176531184e-01
4.326983351762432317e-01
9.284958842776105392e-01
9.080072463212232048e-01
-5.888548754569118415e-01
-9.433759774202783444e-01
2.606428783774710212e-01
-5.832217914911939083e-01
-2.482060670398342772e-01
-8.995157738912387124e-01
-4.926122245517541298e-01
-8.431743867214467336e-01
4.818475562653778965e-02
5.188881128372186957e-01
-4.753759773982491055e-02
-6.671401705863104770e-01
1.921625025127249309e-01
6.077397016441314914e-01
-3.118594490640020922e-01
-5.649268433871372785e-01
-7.180648674653353769e-01
7.270813238988127480e-02
-4.171695993683535164e-01
-3.783696852543996236e-01
-1.973173189488597323e-01
9.280277725963703706e-01
6.629994112266657247e-01
8.575148496314817237e-01
-8.092581315793836438e-01
6.377190905612111216e-01
-4.333007854666059977e-01
-7.791506801704564111e-01
-1.778212817109379174e-01
-7.696843002413049639e-01
3.613885207287625967e-01
3.920993608660472418e-01
-7.049370179107334877e-01
2.173770047847072284e-01
-4.726038829021772525e-01
5.457463174741010725e-01
8.938424124972474960e-01
-3.759655648530983996e-01
-2.940344553955074325e-01
8.455541483000117431e-01
-8.440081267774444118e-01
2.532210421167127024e-01
-2.439878400487138776e-01
9.932827094642953103e-01
8.667403112439502344e-01
6.327492649796844226e-01
5.838175041223014894e-02
1.014932115306936833e-01
-7.853598866016653357e-01
-3.461406358657381777e-01
-9.099105906361337759e-01
2.682955663163106852e-01
9.564903983878816351e-01
8.138683880511292656e-01
-9.783683652750407855e-01
6.187403143648961823e-01
1.636882530377425926e-01
8.118244505840168657e-01
7.399786345955821076e-01
-3.126301957149246746e-02
-3.935724468570567236e-01
5.315208838949923020e-01
5.452380907488356687e-01
7.561799014431698218e-01
