0.000000000000000000e+00
0.000000000000000000e+00
-0.000000000000000000e+00
-0.000000000000000000e+00
0.000000000000000000e+00
-0.000000000000000000e+00
0.000000000000000000e+00
0.000000000000000000e+00
6.538277623546258355e-02
-9.497113335411400126e-02
-0.000000000000000000e+00
0.000000000000000000e+00
0.000000000000000000e+00
3.039486691608670466e-01
-1.356571787043709398e-01
-0.000000000000000000e+00
0.000000000000000000e+00
0.000000000000000000e+00
0.000000000000000000e+00
-0.000000000000000000e+00
0.000000000000000000e+00
-0.000000000000000000e+00
0.000000000000000000e+00
1.118392221189646457e-02
-1.372919640925542306e-01
-0.000000000000000000e+00
0.000000000000000000e+00
3.759731244867263178e-01
-2.229367746519328730e-01
1.727246148389597058e-01
0.000000000000000000e+00
-0.000000000000000000e+00
0.000000000000000000e+00
0.000000000000000000e+00
-0.000000000000000000e+00
0.000000000000000000e+00
0.000000000000000000e+00
-2.803719079269147759e-03
-0.000000000000000000e+00
3.191049388632423711e-01
0.000000000000000000e+00
-1.374602804921426502e-01
0.000000000000000000e+00
-0.000000000000000000e+00
-0.000000000000000000e+00
-0.000000000000000000e+00
-0.000000000000000000e+00
0.000000000000000000e+00
0.000000000000000000e+00
0.000000000000000000e+00
-0.000000000000000000e+00
0.000000000000000000e+00
0.000000000000000000e+00
0.000000000000000000e+00
-0.000000000000000000e+00
-0.000000000000000000e+00
0.000000000000000000e+00
-1.115711982935037594e-01
-0.000000000000000000e+00
0.000000000000000000e+00
-0.000000000000000000e+00
0.000000000000000000e+00
5.227883851356829314e-01
0.000000000000000000e+00
-0.000000000000000000e+00
3.060691123045738982e-01
0.000000000000000000e+00
-0.000000000000000000e+00
-0.000000000000000000e+00
-2.885208887912940057e-01
-5.946311854860285573e-01
-0.000000000000000000e+00
0.000000000000000000e+00
0.000000000000000000e+00
0.000000000000000000e+00
-3.695795485716501377e-02
-0.000000000000000000e+00
-0.000000000000000000e+00
0.000000000000000000e+00
-1.143032060425989566e-01
0.000000000000000000e+00
-0.000000000000000000e+00
0.000000000000000000e+00
-7.758862990537337967e-02
1.202845410097489465e-01
-0.000000000000000000e+00
0.000000000000000000e+00
0.000000000000000000e+00
-0.000000000000000000e+00
4.185124212225089235e-01
-0.000000000000000000e+00
7.629962907658172089e-02
1.818967387873821617e-01
-0.000000000000000000e+00
-0.000000000000000000e+00
0.000000000000000000e+00
0.000000000000000000e+00
-0.000000000000000000e+00
-0.000000000000000000e+00
-0.000000000000000000e+00
0.000000000000000000e+00
0.000000000000000000e+00
-0.000000000000000000e+00
0.000000000000000000e+00
0.000000000000000000e+00
0.000000000000000000e+00
-0.000000000000000000e+00
1.466523563251611872e-01
-3.583789876741320657e-01
-0.000000000000000000e+00
-0.000000000000000000e+00
0.000000000000000000e+00
0.000000000000000000e+00
-0.000000000000000000e+00
-0.000000000000000000e+00
-0.000000000000000000e+00
0.000000000000000000e+00
0.000000000000000000e+00
-0.000000000000000000e+00
-0.000000000000000000e+00
-0.000000000000000000e+00
-0.000000000000000000e+00
-0.000000000000000000e+00
0.000000000000000000e+00
-3.451227992661931587e-01
0.000000000000000000e+00
-0.000000000000000000e+00
0.000000000000000000e+00
-0.000000000000000000e+00
-0.000000000000000000e+00
-2.384255808340304539e-01
-0.000000000000000000e+00
3.054107124755238156e-01
3.603553491195023439e-01
-0.000000000000000000e+00
-2.825739077554153059e-02
-0.000000000000000000e+00
-0.000000000000000000e+00
0.000000000000000000e+00
-1.097148971598658901e-01
-3.520249088400517201e-01
-0.000000000000000000e+00
2.571508507904116669e-01
0.000000000000000000e+00
-0.000000000000000000e+00
0.000000000000000000e+00
-0.000000000000000000e+00
0.000000000000000000e+00
-0.000000000000000000e+00
0.000000000000000000e+00
3.574545060790763201e-02
0.000000000000000000e+00
0.000000000000000000e+00
0.000000000000000000e+00
-0.000000000000000000e+00
0.000000000000000000e+00
2.447889269607129714e-01
-1.185698514832539963e-01
0.000000000000000000e+00
-0.000000000000000000e+00
-0.000000000000000000e+00
0.000000000000000000e+00
0.000000000000000000e+00
-0.000000000000000000e+00
-2.696454682093217883e-03
0.000000000000000000e+00
-2.894477055753313377e-01
-0.000000000000000000e+00
0.000000000000000000e+00
3.505149361410326847e-01
0.000000000000000000e+00
-0.000000000000000000e+00
-0.000000000000000000e+00
-0.000000000000000000e+00
0.000000000000000000e+00
0.000000000000000000e+00
-0.000000000000000000e+00
-0.000000000000000000e+00
0.000000000000000000e+00
-0.000000000000000000e+00
-0.000000000000000000e+00
-0.000000000000000000e+00
-0.000000000000000000e+00
0.000000000000000000e+00
0.000000000000000000e+00
-0.000000000000000000e+00
0.000000000000000000e+00
0.000000000000000000e+00
-0.000000000000000000e+00
-0.000000000000000000e+00
0.000000000000000000e+00
0.000000000000000000e+00
-0.000000000000000000e+00
-0.000000000000000000e+00
0.000000000000000000e+00
-0.000000000000000000e+00
3.375587061070224326e-01
0.000000000000000000e+00
-1.521349924252924160e-02
-0.000000000000000000e+00
0.000000000000000000e+00
-0.000000000000000000e+00
-0.000000000000000000e+00
-0.000000000000000000e+00
-0.000000000000000000e+00
2.280174073278641300e-01
0.000000000000000000e+00
0.000000000000000000e+00
-0.000000000000000000e+00
0.000000000000000000e+00
-0.000000000000000000e+00
0.000000000000000000e+00
-0.000000000000000000e+00
-0.000000000000000000e+00
-0.000000000000000000e+00
-1.526986824386636632e-01
-0.000000000000000000e+00
-0.000000000000000000e+00
1.106240259319661579e-01
0.000000000000000000e+00
-0.000000000000000000e+00
0.000000000000000000e+00
0.000000000000000000e+00
-0.000000000000000000e+00
0.000000000000000000e+00
9.897447574512066581e-03
0.000000000000000000e+00
-9.716977809735730109e-02
-0.000000000000000000e+00
-0.000000000000000000e+00
-1.503034918575284762e-01
-0.000000000000000000e+00
0.000000000000000000e+00
0.000000000000000000e+00
0.000000000000000000e+00
-0.000000000000000000e+00
0.000000000000000000e+00
-0.000000000000000000e+00
-0.000000000000000000e+00
-0.000000000000000000e+00
-0.000000000000000000e+00
-2.631010285629283851e-01
3.052703858443455709e-01
3.251219515686734618e-01
2.590485660043085892e-01
-0.000000000000000000e+00
2.553195605610176222e-01
-3.948372792948076082e-01
-0.000000000000000000e+00
-0.000000000000000000e+00
-0.000000000000000000e+00
0.000000000000000000e+00
-0.000000000000000000e+00
0.000000000000000000e+00
1.810992133628224199e-01
-0.000000000000000000e+00
0.000000000000000000e+00
0.000000000000000000e+00
-0.000000000000000000e+00
0.000000000000000000e+00
-0.000000000000000000e+00
0.000000000000000000e+00
5.583939317927846258e-01
-0.000000000000000000e+00
-0.000000000000000000e+00
