-1.385128237975466643e-02
0.000000000000000000e+00
0.000000000000000000e+00
6.610643838957347418e-01
-0.000000000000000000e+00
-0.000000000000000000e+00
-0.000000000000000000e+00
-0.000000000000000000e+00
-0.000000000000000000e+00
0.000000000000000000e+00
-0.000000000000000000e+00
-5.246842521780225033e-01
0.000000000000000000e+00
0.000000000000000000e+00
4.687843578501636466e-01
0.000000000000000000e+00
-0.000000000000000000e+00
-0.000000000000000000e+00
0.000000000000000000e+00
1.772408694933349238e-01
-0.000000000000000000e+00
-0.000000000000000000e+00
-0.000000000000000000e+00
-0.000000000000000000e+00
-2.846342540142209332e-01
3.293538307369462542e-02
0.000000000000000000e+00
-2.741026610939090169e-01
0.000000000000000000e+00
0.000000000000000000e+00
0.000000000000000000e+00
0.000000000000000000e+00
0.000000000000000000e+00
3.511091915142772746e-01
-0.000000000000000000e+00
6.095179035247335619e-01
-0.000000000000000000e+00
0.000000000000000000e+00
0.000000000000000000e+00
0.000000000000000000e+00
-0.000000000000000000e+00
0.000000000000000000e+00
-0.000000000000000000e+00
-0.000000000000000000e+00
5.560382473638604273e-01
-2.952705991737172297e-01
0.000000000000000000e+00
0.000000000000000000e+00
-0.000000000000000000e+00
-0.000000000000000000e+00
0.000000000000000000e+00
0.000000000000000000e+00
5.870197240558207019e-01
-0.000000000000000000e+00
1.536312618208514058e-01
-1.153401869071252975e-03
0.000000000000000000e+00
0.000000000000000000e+00
0.000000000000000000e+00
-1.246045394093288766e-01
-4.417249914146673673e-01
-2.734062546826130369e-01
0.000000000000000000e+00
-0.000000000000000000e+00
-0.000000000000000000e+00
0.000000000000000000e+00
0.000000000000000000e+00
4.513194063987824856e-01
-1.697250314111755365e-01
0.000000000000000000e+00
-3.863945399172173945e-01
0.000000000000000000e+00
0.000000000000000000e+00
0.000000000000000000e+00
-3.589438974532225823e-01
0.000000000000000000e+00
0.000000000000000000e+00
-0.000000000000000000e+00
-0.000000000000000000e+00
0.000000000000000000e+00
0.000000000000000000e+00
-0.000000000000000000e+00
0.000000000000000000e+00
8.298365290064083077e-02
0.000000000000000000e+00
-0.000000000000000000e+00
-3.906992947771939506e-02
-0.000000000000000000e+00
-0.000000000000000000e+00
0.000000000000000000e+00
0.000000000000000000e+00
-0.000000000000000000e+00
-0.000000000000000000e+00
-0.000000000000000000e+00
0.000000000000000000e+00
0.000000000000000000e+00
0.000000000000000000e+00
6.936430675155225156e-01
-0.000000000000000000e+00
-0.000000000000000000e+00
-0.000000000000000000e+00
0.000000000000000000e+00
-0.000000000000000000e+00
0.000000000000000000e+00
0.000000000000000000e+00
3.819250736729021822e-01
-0.000000000000000000e+00
0.000000000000000000e+00
0.000000000000000000e+00
0.000000000000000000e+00
0.000000000000000000e+00
-0.000000000000000000e+00
-0.000000000000000000e+00
2.102682384259765280e-01
-0.000000000000000000e+00
-0.000000000000000000e+00
2.239921854904598497e-01
-0.000000000000000000e+00
0.000000000000000000e+00
0.000000000000000000e+00
-3.339271184675016158e-02
-2.750450298625216616e-01
3.477187646100117213e-01
0.000000000000000000e+00
-0.000000000000000000e+00
3.129544430342327543e-01
0.000000000000000000e+00
0.000000000000000000e+00
3.041733385340013585e-01
0.000000000000000000e+00
0.000000000000000000e+00
-0.000000000000000000e+00
0.000000000000000000e+00
0.000000000000000000e+00
-0.000000000000000000e+00
0.000000000000000000e+00
-0.000000000000000000e+00
5.990511183389851668e-01
0.000000000000000000e+00
0.000000000000000000e+00
-0.000000000000000000e+00
0.000000000000000000e+00
0.000000000000000000e+00
-0.000000000000000000e+00
5.954799419867610188e-01
0.000000000000000000e+00
0.000000000000000000e+00
-0.000000000000000000e+00
2.660100376544589085e-01
-0.000000000000000000e+00
-0.000000000000000000e+00
-0.000000000000000000e+00
-0.000000000000000000e+00
-1.019152381395832113e-01
0.000000000000000000e+00
0.000000000000000000e+00
-0.000000000000000000e+00
3.475259210554518946e-02
-1.184660617356498614e-02
0.000000000000000000e+00
-0.000000000000000000e+00
0.000000000000000000e+00
0.000000000000000000e+00
0.000000000000000000e+00
0.000000000000000000e+00
0.000000000000000000e+00
0.000000000000000000e+00
0.000000000000000000e+00
-0.000000000000000000e+00
-5.463595292042126017e-01
-0.000000000000000000e+00
0.000000000000000000e+00
-0.000000000000000000e+00
0.000000000000000000e+00
0.000000000000000000e+00
0.000000000000000000e+00
-0.000000000000000000e+00
-1.080080262563271054e-01
-0.000000000000000000e+00
-0.000000000000000000e+00
0.000000000000000000e+00
1.743542962626813686e-01
0.000000000000000000e+00
6.709478598457131460e-01
-0.000000000000000000e+00
3.483925379933471844e-01
-0.000000000000000000e+00
0.000000000000000000e+00
0.000000000000000000e+00
0.000000000000000000e+00
0.000000000000000000e+00
-0.000000000000000000e+00
-0.000000000000000000e+00
1.992584881848019074e-01
-1.906205637662851740e-02
-0.000000000000000000e+00
-0.000000000000000000e+00
-0.000000000000000000e+00
2.573336254912135246e-01
-1.795935062599414711e-01
-0.000000000000000000e+00
2.328015168180146699e-01
0.000000000000000000e+00
0.000000000000000000e+00
0.000000000000000000e+00
0.000000000000000000e+00
-0.000000000000000000e+00
0.000000000000000000e+00
-0.000000000000000000e+00
-0.000000000000000000e+00
0.000000000000000000e+00
0.000000000000000000e+00
6.347677932942988321e-02
-0.000000000000000000e+00
-0.000000000000000000e+00
-0.000000000000000000e+00
-0.000000000000000000e+00
-0.000000000000000000e+00
9.791932029671710502e-01
8.547292643668062961e-01
-0.000000000000000000e+00
0.000000000000000000e+00
7.309406277332755053e-01
3.875674225155104624e-01
-0.000000000000000000e+00
-0.000000000000000000e+00
0.000000000000000000e+00
-3.077783569406044029e-01
0.000000000000000000e+00
-0.000000000000000000e+00
0.000000000000000000e+00
-0.000000000000000000e+00
-0.000000000000000000e+00
-8.546674102790238758e-02
3.027182522455128533e-01
-0.000000000000000000e+00
4.901950180143415103e-01
0.000000000000000000e+00
-0.000000000000000000e+00
0.000000000000000000e+00
0.000000000000000000e+00
-0.000000000000000000e+00
-0.000000000000000000e+00
-0.000000000000000000e+00
-0.000000000000000000e+00
0.000000000000000000e+00
0.000000000000000000e+00
0.000000000000000000e+00
1.305575463772234712e-01
0.000000000000000000e+00
0.000000000000000000e+00
-4.893811756125938661e-01
1.393331791662286434e-01
-2.336142336751438620e-01
1.633801933365109926e-01
-0.000000000000000000e+00
0.000000000000000000e+00
-0.000000000000000000e+00
0.000000000000000000e+00
7.293994254870279637e-01
-2.439885571429966371e-01
-0.000000000000000000e+00
-0.000000000000000000e+00
-0.000000000000000000e+00
0.000000000000000000e+00
