-0.000000000000000000e+00
-0.000000000000000000e+00
0.000000000000000000e+00
-0.000000000000000000e+00
-1.258689831031482506e-02
4.096145348609490228e-02
-0.000000000000000000e+00
4.641688665261541752e-02
-0.000000000000000000e+00
-0.000000000000000000e+00
6.860271137994176927e-02
2.333258451749067874e-01
-1.798385836503126750e-02
0.000000000000000000e+00
0.000000000000000000e+00
-0.000000000000000000e+00
0.000000000000000000e+00
0.000000000000000000e+00
0.000000000000000000e+00
-0.000000000000000000e+00
-0.000000000000000000e+00
0.000000000000000000e+00
0.000000000000000000e+00
0.000000000000000000e+00
-1.270417962961374048e-01
-0.000000000000000000e+00
-0.000000000000000000e+00
-0.000000000000000000e+00
0.000000000000000000e+00
-0.000000000000000000e+00
0.000000000000000000e+00
0.000000000000000000e+00
-0.000000000000000000e+00
2.893088631635995500e-01
-0.000000000000000000e+00
-0.000000000000000000e+00
1.767011725203208039e-01
-0.000000000000000000e+00
-0.000000000000000000e+00
1.388109286144309784e-01
0.000000000000000000e+00
-0.000000000000000000e+00
-0.000000000000000000e+00
0.000000000000000000e+00
0.000000000000000000e+00
0.000000000000000000e+00
1.309875694369198318e-01
-0.000000000000000000e+00
-0.000000000000000000e+00
-0.000000000000000000e+00
0.000000000000000000e+00
0.000000000000000000e+00
-0.000000000000000000e+00
-0.000000000000000000e+00
-1.790851271152628932e-01
0.000000000000000000e+00
0.000000000000000000e+00
-1.422473995816966319e-01
-0.000000000000000000e+00
-0.000000000000000000e+00
0.000000000000000000e+00
-0.000000000000000000e+00
0.000000000000000000e+00
-0.000000000000000000e+00
-5.176481037074321528e-02
0.000000000000000000e+00
0.000000000000000000e+00
-0.000000000000000000e+00
-0.000000000000000000e+00
4.381191317644445582e-01
0.000000000000000000e+00
0.000000000000000000e+00
0.000000000000000000e+00
9.677659418514696077e-02
0.000000000000000000e+00
0.000000000000000000e+00
0.000000000000000000e+00
-0.000000000000000000e+00
-2.000808598624120027e-01
0.000000000000000000e+00
-0.000000000000000000e+00
0.000000000000000000e+00
-3.037086065425730341e-01
-1.261512167865778099e-02
-1.674437091875762285e-01
0.000000000000000000e+00
-0.000000000000000000e+00
-0.000000000000000000e+00
4.441676881009201661e-02
-4.006970896095849444e-01
0.000000000000000000e+00
-0.000000000000000000e+00
-1.794413196240213226e-02
-0.000000000000000000e+00
0.000000000000000000e+00
0.000000000000000000e+00
0.000000000000000000e+00
1.853505089428260366e-01
0.000000000000000000e+00
-0.000000000000000000e+00
-0.000000000000000000e+00
-0.000000000000000000e+00
0.000000000000000000e+00
-0.000000000000000000e+00
-3.390990562919041218e-01
0.000000000000000000e+00
0.000000000000000000e+00
-2.488081297426271710e-01
-0.000000000000000000e+00
-0.000000000000000000e+00
-0.000000000000000000e+00
-1.947213002690198758e-01
-0.000000000000000000e+00
-0.000000000000000000e+00
-0.000000000000000000e+00
0.000000000000000000e+00
-0.000000000000000000e+00
-0.000000000000000000e+00
0.000000000000000000e+00
0.000000000000000000e+00
0.000000000000000000e+00
-6.969010616907264644e-02
-0.000000000000000000e+00
0.000000000000000000e+00
0.000000000000000000e+00
0.000000000000000000e+00
-3.934231877684394307e-01
0.000000000000000000e+00
-0.000000000000000000e+00
1.831184509871260427e-02
0.000000000000000000e+00
-0.000000000000000000e+00
0.000000000000000000e+00
0.000000000000000000e+00
0.000000000000000000e+00
0.000000000000000000e+00
-0.000000000000000000e+00
-0.000000000000000000e+00
-0.000000000000000000e+00
-3.088454871489113712e-02
0.000000000000000000e+00
1.106375910919681349e-01
0.000000000000000000e+00
-0.000000000000000000e+00
0.000000000000000000e+00
0.000000000000000000e+00
0.000000000000000000e+00
7.015676310106012947e-02
0.000000000000000000e+00
0.000000000000000000e+00
-0.000000000000000000e+00
-0.000000000000000000e+00
-0.000000000000000000e+00
0.000000000000000000e+00
-2.110361272146166478e-01
-0.000000000000000000e+00
0.000000000000000000e+00
-0.000000000000000000e+00
-0.000000000000000000e+00
-0.000000000000000000e+00
-0.000000000000000000e+00
1.163479746992816949e-01
-0.000000000000000000e+00
0.000000000000000000e+00
0.000000000000000000e+00
-3.496494892565211732e-01
0.000000000000000000e+00
-0.000000000000000000e+00
-0.000000000000000000e+00
0.000000000000000000e+00
-3.238032190162687396e-02
-0.000000000000000000e+00
0.000000000000000000e+00
-0.000000000000000000e+00
-0.000000000000000000e+00
3.686274726460189721e-01
-0.000000000000000000e+00
-2.194459852613514783e-01
0.000000000000000000e+00
-0.000000000000000000e+00
-0.000000000000000000e+00
4.639035028028025143e-01
0.000000000000000000e+00
-0.000000000000000000e+00
0.000000000000000000e+00
-1.323114576555530983e-02
0.000000000000000000e+00
-0.000000000000000000e+00
-2.891447569296266007e-01
-0.000000000000000000e+00
-0.000000000000000000e+00
-0.000000000000000000e+00
0.000000000000000000e+00
0.000000000000000000e+00
2.107580262658263759e-02
-0.000000000000000000e+00
-0.000000000000000000e+00
0.000000000000000000e+00
-0.000000000000000000e+00
0.000000000000000000e+00
-0.000000000000000000e+00
0.000000000000000000e+00
0.000000000000000000e+00
-0.000000000000000000e+00
6.880976929927501429e-02
-0.000000000000000000e+00
-0.000000000000000000e+00
-0.000000000000000000e+00
0.000000000000000000e+00
0.000000000000000000e+00
-0.000000000000000000e+00
0.000000000000000000e+00
-0.000000000000000000e+00
0.000000000000000000e+00
-0.000000000000000000e+00
0.000000000000000000e+00
-0.000000000000000000e+00
-0.000000000000000000e+00
7.575287419684169354e-02
6.655691667721405635e-02
0.000000000000000000e+00
2.774000903929994544e-01
-0.000000000000000000e+00
1.335167133044565246e-02
-0.000000000000000000e+00
-0.000000000000000000e+00
-0.000000000000000000e+00
-0.000000000000000000e+00
-0.000000000000000000e+00
-6.318128519929001874e-02
-0.000000000000000000e+00
-0.000000000000000000e+00
2.439923553968624814e-01
0.000000000000000000e+00
0.000000000000000000e+00
9.388045745191272995e-02
0.000000000000000000e+00
0.000000000000000000e+00
0.000000000000000000e+00
-0.000000000000000000e+00
-8.002796014920302015e-02
-3.015085239648840898e-01
-0.000000000000000000e+00
-0.000000000000000000e+00
-0.000000000000000000e+00
0.000000000000000000e+00
0.000000000000000000e+00
0.000000000000000000e+00
0.000000000000000000e+00
0.000000000000000000e+00
-0.000000000000000000e+00
-0.000000000000000000e+00
-0.000000000000000000e+00
0.000000000000000000e+00
0.000000000000000000e+00
0.000000000000000000e+00
0.000000000000000000e+00
-0.000000000000000000e+00
-0.000000000000000000e+00
-0.000000000000000000e+00
-0.000000000000000000e+00
-0.000000000000000000e+00
1.185983597373846121e-01
0.000000000000000000e+00
-0.000000000000000000e+00
