0.000000000000000000e+00
-0.000000000000000000e+00
0.000000000000000000e+00
-1.684634699591708307e-01
0.000000000000000000e+00
-0.000000000000000000e+00
-0.000000000000000000e+00
0.000000000000000000e+00
-0.000000000000000000e+00
-0.000000000000000000e+00
-0.000000000000000000e+00
-0.000000000000000000e+00
0.000000000000000000e+00
-0.000000000000000000e+00
0.000000000000000000e+00
0.000000000000000000e+00
0.000000000000000000e+00
1.527198124746107291e-02
-2.079136096277821588e-01
0.000000000000000000e+00
0.000000000000000000e+00
-0.000000000000000000e+00
0.000000000000000000e+00
0.000000000000000000e+00
7.159943725366481326e-02
-0.000000000000000000e+00
-0.000000000000000000e+00
-2.256086722142687795e-01
-0.000000000000000000e+00
-0.000000000000000000e+00
0.000000000000000000e+00
0.000000000000000000e+00
-0.000000000000000000e+00
-0.000000000000000000e+00
-0.000000000000000000e+00
0.000000000000000000e+00
-0.000000000000000000e+00
0.000000000000000000e+00
0.000000000000000000e+00
-0.000000000000000000e+00
-0.000000000000000000e+00
0.000000000000000000e+00
-0.000000000000000000e+00
-0.000000000000000000e+00
0.000000000000000000e+00
-0.000000000000000000e+00
1.743367553363972880e-02
-0.000000000000000000e+00
0.000000000000000000e+00
4.093766235644191731e-01
0.000000000000000000e+00
0.000000000000000000e+00
-0.000000000000000000e+00
1.049607113963045152e-01
0.000000000000000000e+00
-9.966090172138811210e-02
2.327586639308529826e-01
-1.501001100850551766e-02
0.000000000000000000e+00
-0.000000000000000000e+00
0.000000000000000000e+00
-4.116645081197667366e-01
0.000000000000000000e+00
-2.104337973376760665e-02
1.695178942650739373e-01
0.000000000000000000e+00
0.000000000000000000e+00
3.778130430965686015e-01
-5.861911645433832280e-02
-0.000000000000000000e+00
-5.498478370441525209e-01
-0.000000000000000000e+00
-0.000000000000000000e+00
0.000000000000000000e+00
-0.000000000000000000e+00
0.000000000000000000e+00
-0.000000000000000000e+00
-1.872944015878157675e-01
-0.000000000000000000e+00
0.000000000000000000e+00
0.000000000000000000e+00
0.000000000000000000e+00
0.000000000000000000e+00
0.000000000000000000e+00
0.000000000000000000e+00
-0.000000000000000000e+00
0.000000000000000000e+00
0.000000000000000000e+00
-0.000000000000000000e+00
-0.000000000000000000e+00
0.000000000000000000e+00
-0.000000000000000000e+00
0.000000000000000000e+00
-7.398072575554881514e-02
0.000000000000000000e+00
0.000000000000000000e+00
-0.000000000000000000e+00
0.000000000000000000e+00
0.000000000000000000e+00
-0.000000000000000000e+00
0.000000000000000000e+00
0.000000000000000000e+00
0.000000000000000000e+00
0.000000000000000000e+00
2.093279603494091479e-01
-6.435047138704338976e-02
6.368697914705028218e-01
-0.000000000000000000e+00
0.000000000000000000e+00
-0.000000000000000000e+00
0.000000000000000000e+00
0.000000000000000000e+00
-0.000000000000000000e+00
0.000000000000000000e+00
0.000000000000000000e+00
0.000000000000000000e+00
-1.717638722263992168e-01
0.000000000000000000e+00
-0.000000000000000000e+00
-0.000000000000000000e+00
-0.000000000000000000e+00
-0.000000000000000000e+00
-0.000000000000000000e+00
0.000000000000000000e+00
-0.000000000000000000e+00
0.000000000000000000e+00
-0.000000000000000000e+00
-0.000000000000000000e+00
0.000000000000000000e+00
0.000000000000000000e+00
0.000000000000000000e+00
-0.000000000000000000e+00
-0.000000000000000000e+00
0.000000000000000000e+00
-0.000000000000000000e+00
0.000000000000000000e+00
-0.000000000000000000e+00
0.000000000000000000e+00
-1.821391278269460512e-01
-0.000000000000000000e+00
3.417721302158203689e-01
-0.000000000000000000e+00
-0.000000000000000000e+00
0.000000000000000000e+00
-4.136606026597607066e-02
-0.000000000000000000e+00
-9.844162977529617720e-02
0.000000000000000000e+00
-0.000000000000000000e+00
-0.000000000000000000e+00
6.317534323437148380e-01
0.000000000000000000e+00
5.276202949041411960e-01
-0.000000000000000000e+00
-0.000000000000000000e+00
0.000000000000000000e+00
4.029722178522866100e-02
0.000000000000000000e+00
0.000000000000000000e+00
-0.000000000000000000e+00
-0.000000000000000000e+00
-4.191930730750481615e-01
-0.000000000000000000e+00
-2.931402673079425147e-01
-0.000000000000000000e+00
-2.730694283738174799e-02
0.000000000000000000e+00
-0.000000000000000000e+00
0.000000000000000000e+00
0.000000000000000000e+00
-0.000000000000000000e+00
-0.000000000000000000e+00
0.000000000000000000e+00
9.447520343861279257e-02
-0.000000000000000000e+00
0.000000000000000000e+00
-0.000000000000000000e+00
0.000000000000000000e+00
0.000000000000000000e+00
0.000000000000000000e+00
0.000000000000000000e+00
0.000000000000000000e+00
0.000000000000000000e+00
-6.833412234696618626e-01
-0.000000000000000000e+00
-0.000000000000000000e+00
0.000000000000000000e+00
-0.000000000000000000e+00
-0.000000000000000000e+00
0.000000000000000000e+00
4.057024292338499150e-01
0.000000000000000000e+00
-3.220130917786588609e-02
-2.383657663941941840e-01
0.000000000000000000e+00
0.000000000000000000e+00
-0.000000000000000000e+00
0.000000000000000000e+00
-0.000000000000000000e+00
-3.894737336006694195e-02
-0.000000000000000000e+00
1.428742494067566362e-03
6.272673748437256058e-02
-0.000000000000000000e+00
-0.000000000000000000e+00
2.844545236911718775e-02
-0.000000000000000000e+00
2.590118728677780480e-01
-0.000000000000000000e+00
-0.000000000000000000e+00
2.613206154266859427e-01
-0.000000000000000000e+00
-0.000000000000000000e+00
6.641329515714047838e-02
0.000000000000000000e+00
-0.000000000000000000e+00
0.000000000000000000e+00
-0.000000000000000000e+00
0.000000000000000000e+00
-0.000000000000000000e+00
-1.782125622135410647e-01
0.000000000000000000e+00
0.000000000000000000e+00
-0.000000000000000000e+00
-0.000000000000000000e+00
7.829604924990005155e-02
0.000000000000000000e+00
0.000000000000000000e+00
-0.000000000000000000e+00
-0.000000000000000000e+00
-0.000000000000000000e+00
-4.327227424615149309e-01
0.000000000000000000e+00
2.020412254193048873e-01
-0.000000000000000000e+00
2.241173764072567076e-01
8.784878552893671255e-02
2.303625174395674824e-01
-0.000000000000000000e+00
-0.000000000000000000e+00
-6.210646044582417424e-01
0.000000000000000000e+00
0.000000000000000000e+00
0.000000000000000000e+00
-0.000000000000000000e+00
-0.000000000000000000e+00
-0.000000000000000000e+00
-0.000000000000000000e+00
0.000000000000000000e+00
0.000000000000000000e+00
0.000000000000000000e+00
0.000000000000000000e+00
7.639827679496601076e-02
-4.334748517579500166e-02
0.000000000000000000e+00
-5.657937145316311867e-01
-0.000000000000000000e+00
0.000000000000000000e+00
0.000000000000000000e+00
1.491070411289386610e-01
-1.913520481951884178e-01
1.023260193130115653e-01
0.000000000000000000e+00
0.000000000000000000e+00
-0.000000000000000000e+00
