-2.362972612609549050e-01
1.555779181117721843e-01
0.000000000000000000e+00
-0.000000000000000000e+00
-0.000000000000000000e+00
0.000000000000000000e+00
0.000000000000000000e+00
0.000000000000000000e+00
-2.782219022308177192e-01
-0.000000000000000000e+00
-0.000000000000000000e+00
0.000000000000000000e+00
0.000000000000000000e+00
0.000000000000000000e+00
-0.000000000000000000e+00
-0.000000000000000000e+00
-0.000000000000000000e+00
0.000000000000000000e+00
-0.000000000000000000e+00
0.000000000000000000e+00
-0.000000000000000000e+00
-0.000000000000000000e+00
-0.000000000000000000e+00
-2.054782898182493378e-01
-0.000000000000000000e+00
2.556873543370346558e-01
-0.000000000000000000e+00
0.000000000000000000e+00
1.846150909663859391e-02
4.348142884787927209e-01
3.948690096586357501e-02
0.000000000000000000e+00
-0.000000000000000000e+00
-0.000000000000000000e+00
-1.928484268878570551e-01
1.300961741882452338e-01
0.000000000000000000e+00
0.000000000000000000e+00
-0.000000000000000000e+00
-0.000000000000000000e+00
0.000000000000000000e+00
-0.000000000000000000e+00
-0.000000000000000000e+00
0.000000000000000000e+00
8.779668789731495671e-02
0.000000000000000000e+00
5.300230103200661569e-01
0.000000000000000000e+00
-0.000000000000000000e+00
0.000000000000000000e+00
-0.000000000000000000e+00
-1.321521349293841852e-01
-0.000000000000000000e+00
0.000000000000000000e+00
-0.000000000000000000e+00
-0.000000000000000000e+00
0.000000000000000000e+00
0.000000000000000000e+00
6.672707743769572264e-02
-0.000000000000000000e+00
0.000000000000000000e+00
2.551240058957648937e-01
-0.000000000000000000e+00
0.000000000000000000e+00
-0.000000000000000000e+00
-0.000000000000000000e+00
3.635933637689454934e-02
0.000000000000000000e+00
0.000000000000000000e+00
-0.000000000000000000e+00
-0.000000000000000000e+00
-0.000000000000000000e+00
-0.000000000000000000e+00
-0.000000000000000000e+00
-0.000000000000000000e+00
0.000000000000000000e+00
0.000000000000000000e+00
-0.000000000000000000e+00
0.000000000000000000e+00
0.000000000000000000e+00
0.000000000000000000e+00
-0.000000000000000000e+00
0.000000000000000000e+00
0.000000000000000000e+00
0.000000000000000000e+00
-0.000000000000000000e+00
2.759217613391880541e-01
-0.000000000000000000e+00
-0.000000000000000000e+00
0.000000000000000000e+00
1.692240975925788371e-01
-0.000000000000000000e+00
0.000000000000000000e+00
-0.000000000000000000e+00
0.000000000000000000e+00
-0.000000000000000000e+00
-0.000000000000000000e+00
-0.000000000000000000e+00
0.000000000000000000e+00
-0.000000000000000000e+00
-0.000000000000000000e+00
2.816450618959608909e-01
-0.000000000000000000e+00
-0.000000000000000000e+00
-2.545494923231123030e-01
-1.344940639566980789e-01
7.240036969928051458e-02
-2.196202787806033063e-01
0.000000000000000000e+00
-0.000000000000000000e+00
-2.919186341981251931e-01
0.000000000000000000e+00
-0.000000000000000000e+00
-0.000000000000000000e+00
-0.000000000000000000e+00
-0.000000000000000000e+00
9.026499469127623188e-02
-0.000000000000000000e+00
0.000000000000000000e+00
-0.000000000000000000e+00
0.000000000000000000e+00
-0.000000000000000000e+00
0.000000000000000000e+00
-0.000000000000000000e+00
0.000000000000000000e+00
0.000000000000000000e+00
0.000000000000000000e+00
-0.000000000000000000e+00
-0.000000000000000000e+00
0.000000000000000000e+00
-2.208551369109539725e-02
-0.000000000000000000e+00
2.293225386932474241e-01
0.000000000000000000e+00
0.000000000000000000e+00
-0.000000000000000000e+00
0.000000000000000000e+00
-3.302653218627178422e-01
0.000000000000000000e+00
3.664468572251266543e-01
-0.000000000000000000e+00
0.000000000000000000e+00
-0.000000000000000000e+00
-0.000000000000000000e+00
-4.097925909404158684e-01
0.000000000000000000e+00
-0.000000000000000000e+00
0.000000000000000000e+00
-0.000000000000000000e+00
-0.000000000000000000e+00
-3.464259727509707565e-01
-0.000000000000000000e+00
0.000000000000000000e+00
0.000000000000000000e+00
-3.385252246381749708e-01
-3.646597307246139952e-01
0.000000000000000000e+00
-0.000000000000000000e+00
0.000000000000000000e+00
-0.000000000000000000e+00
-0.000000000000000000e+00
-0.000000000000000000e+00
-0.000000000000000000e+00
-0.000000000000000000e+00
0.000000000000000000e+00
-0.000000000000000000e+00
0.000000000000000000e+00
0.000000000000000000e+00
8.819421338656979747e-02
-6.519539551606406969e-02
-0.000000000000000000e+00
0.000000000000000000e+00
-0.000000000000000000e+00
-0.000000000000000000e+00
0.000000000000000000e+00
0.000000000000000000e+00
-0.000000000000000000e+00
3.725117426156292488e-01
0.000000000000000000e+00
0.000000000000000000e+00
-0.000000000000000000e+00
0.000000000000000000e+00
-0.000000000000000000e+00
7.630622358940848671e-02
-0.000000000000000000e+00
0.000000000000000000e+00
-0.000000000000000000e+00
0.000000000000000000e+00
-0.000000000000000000e+00
-3.126043450599279294e-02
0.000000000000000000e+00
0.000000000000000000e+00
0.000000000000000000e+00
-0.000000000000000000e+00
0.000000000000000000e+00
-0.000000000000000000e+00
2.272651267303389122e-01
-0.000000000000000000e+00
-0.000000000000000000e+00
0.000000000000000000e+00
-0.000000000000000000e+00
0.000000000000000000e+00
-0.000000000000000000e+00
4.007280790602107262e-02
-3.554676983735916562e-01
0.000000000000000000e+00
-0.000000000000000000e+00
-0.000000000000000000e+00
0.000000000000000000e+00
-3.427829202592055369e-01
-0.000000000000000000e+00
-0.000000000000000000e+00
3.321246007684354740e-01
-0.000000000000000000e+00
-0.000000000000000000e+00
0.000000000000000000e+00
0.000000000000000000e+00
-0.000000000000000000e+00
0.000000000000000000e+00
-3.589003498473473663e-01
-0.000000000000000000e+00
-0.000000000000000000e+00
-2.099315508424655363e-02
0.000000000000000000e+00
2.802488877457490202e-01
0.000000000000000000e+00
0.000000000000000000e+00
0.000000000000000000e+00
-0.000000000000000000e+00
-0.000000000000000000e+00
0.000000000000000000e+00
-0.000000000000000000e+00
-0.000000000000000000e+00
0.000000000000000000e+00
-0.000000000000000000e+00
-7.818475766227424295e-02
-5.385281823180110283e-01
0.000000000000000000e+00
1.410770786002242538e-01
-2.333045410274130760e-01
-0.000000000000000000e+00
-0.000000000000000000e+00
0.000000000000000000e+00
1.787710710994105251e-02
-0.000000000000000000e+00
-0.000000000000000000e+00
-0.000000000000000000e+00
-9.972869237503628748e-02
0.000000000000000000e+00
0.000000000000000000e+00
-0.000000000000000000e+00
2.240557720813361187e-01
-0.000000000000000000e+00
-0.000000000000000000e+00
0.000000000000000000e+00
0.000000000000000000e+00
-0.000000000000000000e+00
-0.000000000000000000e+00
-0.000000000000000000e+00
1.609421806511789066e-01
0.000000000000000000e+00
0.000000000000000000e+00
-0.000000000000000000e+00
-0.000000000000000000e+00
1.933501672316809417e-01
