0.000000000000000000e+00
0.000000000000000000e+00
-1.914599804684420370e-01
0.000000000000000000e+00
-0.000000000000000000e+00
0.000000000000000000e+00
-0.000000000000000000e+00
-0.000000000000000000e+00
4.743610423673545462e-01
-0.000000000000000000e+00
0.000000000000000000e+00
0.000000000000000000e+00
0.000000000000000000e+00
0.000000000000000000e+00
-0.000000000000000000e+00
0.000000000000000000e+00
0.000000000000000000e+00
0.000000000000000000e+00
0.000000000000000000e+00
-0.000000000000000000e+00
0.000000000000000000e+00
9.463404974876327147e-02
2.936316052781164782e-02
-0.000000000000000000e+00
-1.977638853334560010e-03
0.000000000000000000e+00
-0.000000000000000000e+00
-0.000000000000000000e+00
1.509563177610588891e-01
1.830906703801042645e-01
0.000000000000000000e+00
-1.045202518749397402e-01
-0.000000000000000000e+00
-0.000000000000000000e+00
-0.000000000000000000e+00
-4.369745118417154850e-01
-0.000000000000000000e+00
0.000000000000000000e+00
0.000000000000000000e+00
1.712324239642347978e-01
0.000000000000000000e+00
7.998275455247901011e-02
-0.000000000000000000e+00
-0.000000000000000000e+00
0.000000000000000000e+00
-0.000000000000000000e+00
0.000000000000000000e+00
3.711327139613877779e-02
0.000000000000000000e+00
-0.000000000000000000e+00
-0.000000000000000000e+00
0.000000000000000000e+00
0.000000000000000000e+00
0.000000000000000000e+00
0.000000000000000000e+00
0.000000000000000000e+00
-1.459527914651496394e-01
3.513858280829322833e-01
-0.000000000000000000e+00
-0.000000000000000000e+00
0.000000000000000000e+00
-0.000000000000000000e+00
0.000000000000000000e+00
0.000000000000000000e+00
-0.000000000000000000e+00
-0.000000000000000000e+00
0.000000000000000000e+00
0.000000000000000000e+00
7.189434021081295700e-01
-0.000000000000000000e+00
3.593660188378553499e-01
0.000000000000000000e+00
0.000000000000000000e+00
-0.000000000000000000e+00
0.000000000000000000e+00
-0.000000000000000000e+00
-0.000000000000000000e+00
0.000000000000000000e+00
-1.507257319197122247e-01
4.283975317623038293e-01
-0.000000000000000000e+00
-0.000000000000000000e+00
5.592745775284348186e-02
-2.240382896495412834e-01
0.000000000000000000e+00
-1.838831052553853429e-01
-0.000000000000000000e+00
-0.000000000000000000e+00
-0.000000000000000000e+00
0.000000000000000000e+00
1.642196848527577024e-01
0.000000000000000000e+00
0.000000000000000000e+00
-1.859335510980045791e-01
-0.000000000000000000e+00
0.000000000000000000e+00
0.000000000000000000e+00
0.000000000000000000e+00
6.983635335662419230e-02
-4.707687504498272446e-01
-0.000000000000000000e+00
0.000000000000000000e+00
9.688427370314721399e-02
-0.000000000000000000e+00
0.000000000000000000e+00
0.000000000000000000e+00
0.000000000000000000e+00
0.000000000000000000e+00
-4.115942567652632889e-01
0.000000000000000000e+00
8.084333330290924269e-02
0.000000000000000000e+00
0.000000000000000000e+00
-3.957099331894735617e-01
0.000000000000000000e+00
0.000000000000000000e+00
-0.000000000000000000e+00
-0.000000000000000000e+00
-1.414674827919681736e-02
2.265732854149986319e-01
-1.164661798898851269e-01
0.000000000000000000e+00
-0.000000000000000000e+00
0.000000000000000000e+00
0.000000000000000000e+00
-9.896174961160235373e-02
-0.000000000000000000e+00
-0.000000000000000000e+00
-0.000000000000000000e+00
-0.000000000000000000e+00
0.000000000000000000e+00
0.000000000000000000e+00
1.374439632868725003e-01
0.000000000000000000e+00
-0.000000000000000000e+00
-0.000000000000000000e+00
2.693959775014690416e-01
0.000000000000000000e+00
-0.000000000000000000e+00
2.080551831888596825e-01
-0.000000000000000000e+00
-9.605491252536085822e-02
-0.000000000000000000e+00
0.000000000000000000e+00
1.589445299866866501e-02
-0.000000000000000000e+00
-1.984933656704018501e-01
-0.000000000000000000e+00
-4.038422031152835157e-01
-0.000000000000000000e+00
0.000000000000000000e+00
-0.000000000000000000e+00
0.000000000000000000e+00
0.000000000000000000e+00
-0.000000000000000000e+00
0.000000000000000000e+00
-0.000000000000000000e+00
-0.000000000000000000e+00
0.000000000000000000e+00
-1.959900091475161032e-01
0.000000000000000000e+00
3.671064862322188233e-02
-0.000000000000000000e+00
0.000000000000000000e+00
-0.000000000000000000e+00
0.000000000000000000e+00
0.000000000000000000e+00
-0.000000000000000000e+00
-6.101684431954671473e-01
-0.000000000000000000e+00
-6.981960904361992140e-03
-0.000000000000000000e+00
-0.000000000000000000e+00
-0.000000000000000000e+00
-0.000000000000000000e+00
0.000000000000000000e+00
-1.835796626728833716e-02
0.000000000000000000e+00
0.000000000000000000e+00
0.000000000000000000e+00
0.000000000000000000e+00
-3.093943482975427539e-01
8.245134675748076736e-02
-0.000000000000000000e+00
0.000000000000000000e+00
0.000000000000000000e+00
-0.000000000000000000e+00
-0.000000000000000000e+00
-0.000000000000000000e+00
0.000000000000000000e+00
-0.000000000000000000e+00
0.000000000000000000e+00
0.000000000000000000e+00
-1.187831871062950684e-01
1.313462914414701144e-01
-3.333784323204985744e-01
-0.000000000000000000e+00
-0.000000000000000000e+00
-4.527752797064878987e-01
-0.000000000000000000e+00
-0.000000000000000000e+00
-0.000000000000000000e+00
-0.000000000000000000e+00
0.000000000000000000e+00
0.000000000000000000e+00
-0.000000000000000000e+00
-0.000000000000000000e+00
-0.000000000000000000e+00
-0.000000000000000000e+00
-5.907610476500549934e-01
-2.510918424953019201e-01
2.176838775583407881e-01
-0.000000000000000000e+00
-0.000000000000000000e+00
1.906872621264864009e-01
-0.000000000000000000e+00
0.000000000000000000e+00
0.000000000000000000e+00
-5.315946028717867533e-02
-3.884238098706959685e-01
0.000000000000000000e+00
0.000000000000000000e+00
0.000000000000000000e+00
0.000000000000000000e+00
0.000000000000000000e+00
2.140487340236554847e-01
0.000000000000000000e+00
1.704932887173034317e-01
0.000000000000000000e+00
1.784054938699857762e-01
0.000000000000000000e+00
-5.532013351443504368e-01
-0.000000000000000000e+00
-0.000000000000000000e+00
-0.000000000000000000e+00
-0.000000000000000000e+00
-0.000000000000000000e+00
0.000000000000000000e+00
0.000000000000000000e+00
0.000000000000000000e+00
0.000000000000000000e+00
0.000000000000000000e+00
0.000000000000000000e+00
3.861722097362960127e-02
-2.637080327833302845e-02
-0.000000000000000000e+00
-6.839917316969824912e-02
-0.000000000000000000e+00
2.816066731908905552e-01
-0.000000000000000000e+00
0.000000000000000000e+00
0.000000000000000000e+00
-0.000000000000000000e+00
0.000000000000000000e+00
-0.000000000000000000e+00
-0.000000000000000000e+00
0.000000000000000000e+00
-0.000000000000000000e+00
0.000000000000000000e+00
-0.000000000000000000e+00
0.000000000000000000e+00
0.000000000000000000e+00
0.000000000000000000e+00
-0.000000000000000000e+00
-0.000000000000000000e+00
