-5.813251885604371338e-01
7.132155370541073403e-01
-8.365746965331857243e-01
3.184769556182283079e-01
6.426432929467706945e-01
9.075312513605584552e-01
5.841879962303808682e-02
-5.744245720658136545e-01
-6.081782284726591215e-01
-7.887491182329673389e-01
-4.411646426041775371e-01
5.064478784863915006e-01
-7.575238831670214612e-01
6.534100884204616655e-01
2.178321975678327860e-01
4.566332210645152045e-01
1.313684570583635303e-01
2.838381615164855543e-01
8.602976101143970933e-01
8.305994791059734261e-02
-6.578910435303657600e-01
3.074603321547824120e-01
2.596454191201957862e-01
2.345948387421610271e-01
-8.981410572627561706e-01
5.010070483809954123e-01
-8.136018980313746152e-01
5.048816761006085230e-01
4.638234054266505701e-01
6.239804981765435521e-01
-2.992836071290831956e-01
-8.907104668594294505e-01
3.446517662702763829e-01
-5.345236991986257458e-01
6.687412726374353245e-01
6.945691551613137893e-01
5.653343836729107785e-01
4.852772452894631439e-01
9.195453657699219630e-01
-2.560179494175007786e-01
1.615390759609258708e-02
9.014532145232805327e-01
-8.886023530401974124e-01
-9.655018744805277109e-02
2.548898717629413113e-01
-3.772458095102539932e-01
-5.232200357286500569e-01
-7.093879223147334656e-01
4.750902504336296239e-01
2.640523437325723588e-01
-3.327876034618599821e-01
-6.042425327574187932e-01
-6.636190628772493660e-01
4.817472348079905320e-01
-5.646191505016466827e-01
9.119966677941455657e-01
-1.455325717645963302e-01
-3.304655012043025142e-01
-3.550788659643011602e-01
2.738064282242811398e-01
-4.591019377908089893e-01
9.825176582311234696e-01
5.548593031105983897e-01
-6.416524783989798753e-01
-2.331574129784488303e-01
-6.090739151936086504e-01
-5.984073708338311093e-04
3.384844454743627384e-01
-6.978044965721053039e-01
-3.027569268442811268e-01
-4.969240996245110065e-01
5.852375713827209225e-01
-2.266269270134089187e-01
8.761643702152241975e-01
-6.098006239526343464e-02
5.694749616893157729e-01
-2.257214710892285758e-02
-8.118586661662146042e-01
-1.513516661321454571e-01
-3.216791982855016219e-01
2.140070012111561226e-02
-6.901113795833393461e-01
-4.588202456796108830e-01
8.226041815879714392e-01
-8.602993781968581999e-02
-9.137214652349066046e-01
4.556512675772663723e-01
-7.529938194827767717e-02
-1.506445255107891068e-01
-5.975013198480758625e-01
-6.738404849344554748e-01
7.405821149178186680e-01
-4.633752120516210216e-01
-1.354114373485453271e-01
1.418916651411161745e-02
-3.849781729758900983e-01
-6.900808612572235656e-01
-3.018607974713380937e-01
3.224927413520002339e-01
-7.686056806678580600e-01
4.861798738580760393e-01
5.345808314197433297e-01
6.314069202168397510e-01
5.570649327423145003e-01
-3.598804039700558288e-01
2.538279297631749198e-01
5.041078554728251060e-01
-4.662041499934472810e-01
-5.002674738671386567e-01
8.099237562897450005e-01
1.074040628707972900e-02
1.102291803676032078e-01
8.706586128742677122e-01
4.344144586505911398e-01
4.376159390900642432e-01
5.142797734812398769e-01
1.151827613518627835e-01
-2.049945310990590741e-01
-3.619687364646924088e-01
-4.454843003568798032e-01
4.795306896540292296e-01
4.316634794734275360e-02
7.146017715189316721e-01
-4.572308518058425530e-01
9.351726439260288348e-01
-4.575516217220236825e-01
8.824721806822031223e-01
3.430478136482897344e-01
-4.397769672890738946e-01
-6.395481557735047673e-01
6.295277525537983365e-01
-8.013869839961500485e-01
3.757459871094595005e-01
5.114113179830614975e-02
3.719085614254866723e-01
-8.893201630082003817e-02
4.820770639216231945e-01
-9.456588188741765766e-01
4.067258493122423157e-01
-5.233941767044933968e-01
-2.490769743130767377e-01
5.725567614966806662e-01
4.232669851806347694e-02
-3.551365949973606106e-01
-7.123336477341437600e-01
1.374643914862652139e-01
-5.086462123570694160e-01
2.271788185030969576e-01
-8.933778728836700989e-01
4.274805751199566295e-01
-3.716959471430749673e-01
-4.326922430122901453e-01
6.148771874632259493e-01
7.197113784675233106e-01
3.422495755777086313e-01
-3.478018578953236961e-01
-1.523811279283915354e-01
2.047712386926501260e-01
-8.443030366136861087e-01
-9.608764168498935554e-01
-6.121869972655658021e-01
6.101998379824249419e-01
-8.630161422005191429e-01
-7.978154325081894260e-01
7.596462883577503877e-01
-1.921550675119640950e-01
-8.073350860708703447e-01
4.553401062467243854e-01
-7.002344244344549384e-01
9.424115330165467874e-01
-4.836215248972401959e-01
3.692285586005314979e-01
-4.063606654757636605e-01
6.564458752707429401e-01
-8.568662752364162305e-01
-4.736797772352496771e-01
-3.546773917746730564e-01
-5.377852948021724089e-01
3.544341732853355520e-01
1.785682360145417480e-01
-7.443507649008516136e-01
3.036473637700456418e-01
7.270646017315762766e-01
9.673746838368535439e-01
-8.050191596252300741e-01
4.597158429770518140e-01
-5.997148500959375017e-01
2.888098837074284386e-01
-2.333548494015427188e-01
9.193573366973797345e-01
5.094930208576022856e-01
2.034939268133060253e-01
2.692824810859146822e-01
-2.773746288234235635e-02
9.543774822110533407e-01
-8.014267600135267511e-01
-8.751590251837675360e-01
-2.696955962000391338e-02
-7.984174215462989110e-01
1.456742478518155970e-01
-5.898962116184029991e-01
-4.019206206037260198e-01
-9.690033444360510728e-01
-1.821355802652380174e-01
-3.066100608435462505e-01
8.983754214800965254e-01
7.688974917285231747e-01
1.353381922521506020e-01
9.493026372519250966e-01
-7.533053212407414545e-01
-8.390134832518385544e-01
3.333034120100042408e-01
-3.116623985681310494e-01
-4.108078094733063068e-01
6.169343038177816929e-01
6.839288265826319879e-01
-4.177062823440049755e-01
9.529711840305701287e-01
-4.900898745197939110e-01
-6.279816907806501369e-01
-3.446313096408626375e-01
9.040551297133179176e-01
5.321341193633106759e-01
6.604643341376894572e-01
2.368120893497966950e-01
-2.822206877123725199e-01
-8.228107780636746416e-01
7.184208899042576757e-01
1.757570911152281923e-01
3.704637116750335579e-01
-5.567320940902014126e-01
7.699136045233601067e-02
4.649737306318169061e-01
2.107337355031728698e-01
-8.062688804942248488e-01
4.952049251715180400e-01
-9.520671695630533726e-01
-9.196704449578829710e-02
-9.567012921283160054e-01
1.042530409136159797e-01
7.775643955176265720e-01
-3.796004418597391794e-01
-7.853294467867977247e-03
4.413652157344685190e-01
5.439412817686406498e-01
4.929897421396201018e-01
1.050257508363101611e-01
9.379176230492720645e-01
8.464652792138056547e-01
4.520490631299753925e-01
2.224311645554768457e-01
4.960608513725424107e-01
8.200170997840017240e-01
9.817693147833552736e-01
5.371525130895755673e-01
1.523902816663653681e-01
-2.592937873794278758e-01
9.372897224123832860e-01
-5.508723186275292782e-01
2.287001011175513465e-01
6.899701719813793321e-01
-5.380675897233977434e-01
-3.494129535657228836e-01
-6.085780954103674478e-01
1.567038589111751090e-01
