0.000000000000000000e+00
-0.000000000000000000e+00
-1.915334386091425423e-01
0.000000000000000000e+00
-0.000000000000000000e+00
0.000000000000000000e+00
-0.000000000000000000e+00
0.000000000000000000e+00
0.000000000000000000e+00
-0.000000000000000000e+00
0.000000000000000000e+00
-0.000000000000000000e+00
0.000000000000000000e+00
0.000000000000000000e+00
3.977350826414777774e-01
5.036578246438694340e-01
-0.000000000000000000e+00
-0.000000000000000000e+00
0.000000000000000000e+00
-0.000000000000000000e+00
6.335068566071883067e-02
-5.430888224176517731e-01
0.000000000000000000e+00
-0.000000000000000000e+00
-0.000000000000000000e+00
-0.000000000000000000e+00
0.000000000000000000e+00
-5.098622662165026576e-01
0.000000000000000000e+00
5.682196237071236444e-01
2.766934961090131706e-01
0.000000000000000000e+00
1.572814268951296113e-01
0.000000000000000000e+00
7.430408073373201416e-01
0.000000000000000000e+00
0.000000000000000000e+00
0.000000000000000000e+00
-0.000000000000000000e+00
0.000000000000000000e+00
0.000000000000000000e+00
-0.000000000000000000e+00
-1.789534366036134583e-01
-8.098976935525978860e-01
0.000000000000000000e+00
3.022762898741148674e-01
-0.000000000000000000e+00
-0.000000000000000000e+00
-0.000000000000000000e+00
-0.000000000000000000e+00
0.000000000000000000e+00
-0.000000000000000000e+00
-2.590462077538481789e-01
0.000000000000000000e+00
-0.000000000000000000e+00
5.865285556543444745e-01
-0.000000000000000000e+00
-0.000000000000000000e+00
5.338841766015989254e-01
-0.000000000000000000e+00
2.538811455966449859e-01
0.000000000000000000e+00
3.901071779910333381e-01
-0.000000000000000000e+00
0.000000000000000000e+00
-2.821763587856963573e-01
0.000000000000000000e+00
0.000000000000000000e+00
-0.000000000000000000e+00
-0.000000000000000000e+00
-0.000000000000000000e+00
-0.000000000000000000e+00
0.000000000000000000e+00
-0.000000000000000000e+00
-0.000000000000000000e+00
0.000000000000000000e+00
0.000000000000000000e+00
-0.000000000000000000e+00
-0.000000000000000000e+00
0.000000000000000000e+00
-2.775732888494409911e-01
8.612767369470906986e-02
-4.631457749726724527e-01
-0.000000000000000000e+00
-1.549134911666853742e-01
-0.000000000000000000e+00
3.987302362722244115e-02
0.000000000000000000e+00
-0.000000000000000000e+00
0.000000000000000000e+00
0.000000000000000000e+00
0.000000000000000000e+00
0.000000000000000000e+00
0.000000000000000000e+00
-0.000000000000000000e+00
0.000000000000000000e+00
-0.000000000000000000e+00
0.000000000000000000e+00
-0.000000000000000000e+00
-0.000000000000000000e+00
-0.000000000000000000e+00
0.000000000000000000e+00
-4.515898195235305002e-01
0.000000000000000000e+00
0.000000000000000000e+00
2.099082945078242224e-01
0.000000000000000000e+00
7.776071518603627775e-01
-0.000000000000000000e+00
0.000000000000000000e+00
0.000000000000000000e+00
0.000000000000000000e+00
0.000000000000000000e+00
-0.000000000000000000e+00
0.000000000000000000e+00
-0.000000000000000000e+00
-0.000000000000000000e+00
-4.813768703274334260e-01
1.879419601878910273e-01
-0.000000000000000000e+00
-0.000000000000000000e+00
0.000000000000000000e+00
0.000000000000000000e+00
-0.000000000000000000e+00
-0.000000000000000000e+00
-0.000000000000000000e+00
-0.000000000000000000e+00
-0.000000000000000000e+00
0.000000000000000000e+00
-0.000000000000000000e+00
0.000000000000000000e+00
2.892265091089976647e-01
2.675866061510492888e-01
-0.000000000000000000e+00
0.000000000000000000e+00
3.233185683881685812e-01
-4.876597066873690212e-01
-0.000000000000000000e+00
-0.000000000000000000e+00
-0.000000000000000000e+00
0.000000000000000000e+00
0.000000000000000000e+00
-0.000000000000000000e+00
0.000000000000000000e+00
-0.000000000000000000e+00
0.000000000000000000e+00
4.183128544143843719e-01
0.000000000000000000e+00
-0.000000000000000000e+00
0.000000000000000000e+00
0.000000000000000000e+00
0.000000000000000000e+00
0.000000000000000000e+00
-0.000000000000000000e+00
-0.000000000000000000e+00
-0.000000000000000000e+00
-0.000000000000000000e+00
-0.000000000000000000e+00
-0.000000000000000000e+00
-1.426208418884327145e-01
-6.666533501068964973e-02
0.000000000000000000e+00
0.000000000000000000e+00
-4.329332118102334759e-01
0.000000000000000000e+00
-0.000000000000000000e+00
-0.000000000000000000e+00
-0.000000000000000000e+00
-3.143076546274712890e-01
-0.000000000000000000e+00
0.000000000000000000e+00
2.968808412641039673e-01
0.000000000000000000e+00
0.000000000000000000e+00
-0.000000000000000000e+00
6.727755149123996192e-01
-0.000000000000000000e+00
-0.000000000000000000e+00
-0.000000000000000000e+00
0.000000000000000000e+00
-7.589866659793573223e-02
-0.000000000000000000e+00
0.000000000000000000e+00
0.000000000000000000e+00
-0.000000000000000000e+00
-1.023796541190611226e-01
-0.000000000000000000e+00
-0.000000000000000000e+00
0.000000000000000000e+00
5.431805260826383375e-02
0.000000000000000000e+00
3.887020999616699890e-01
0.000000000000000000e+00
0.000000000000000000e+00
0.000000000000000000e+00
0.000000000000000000e+00
0.000000000000000000e+00
0.000000000000000000e+00
-7.277674284637579427e-02
-0.000000000000000000e+00
-1.752988644337108715e-01
-2.511454438074334217e-01
-2.365103809849783134e-01
0.000000000000000000e+00
0.000000000000000000e+00
-2.955595031881646517e-01
0.000000000000000000e+00
-0.000000000000000000e+00
0.000000000000000000e+00
0.000000000000000000e+00
-0.000000000000000000e+00
1.650330072916566249e-01
4.347806481045362603e-01
0.000000000000000000e+00
0.000000000000000000e+00
1.044392325630054408e-01
0.000000000000000000e+00
-0.000000000000000000e+00
-0.000000000000000000e+00
-0.000000000000000000e+00
0.000000000000000000e+00
0.000000000000000000e+00
-0.000000000000000000e+00
-0.000000000000000000e+00
0.000000000000000000e+00
0.000000000000000000e+00
0.000000000000000000e+00
0.000000000000000000e+00
-0.000000000000000000e+00
5.606428663530509116e-02
-0.000000000000000000e+00
0.000000000000000000e+00
-0.000000000000000000e+00
-0.000000000000000000e+00
-0.000000000000000000e+00
0.000000000000000000e+00
0.000000000000000000e+00
-4.689330481388110372e-01
-0.000000000000000000e+00
-0.000000000000000000e+00
-3.214830305972525837e-01
3.843887176435898528e-02
0.000000000000000000e+00
-0.000000000000000000e+00
0.000000000000000000e+00
-0.000000000000000000e+00
-0.000000000000000000e+00
-0.000000000000000000e+00
-0.000000000000000000e+00
0.000000000000000000e+00
0.000000000000000000e+00
-5.262151872085641946e-01
-0.000000000000000000e+00
0.000000000000000000e+00
0.000000000000000000e+00
0.000000000000000000e+00
-0.000000000000000000e+00
3.808607128787999674e-02
3.933038250695747862e-01
0.000000000000000000e+00
-0.000000000000000000e+00
-0.000000000000000000e+00
0.000000000000000000e+00
0.000000000000000000e+00
4.023683770627838052e-02
