-0.000000000000000000e+00
0.000000000000000000e+00
0.000000000000000000e+00
-0.000000000000000000e+00
9.998473198512107529e-02
0.000000000000000000e+00
-0.000000000000000000e+00
-1.594745327187802875e-01
-0.000000000000000000e+00
-0.000000000000000000e+00
9.477071028867532776e-02
0.000000000000000000e+00
-2.597365422860239970e-01
-6.456199513014059255e-01
-5.591642304871141667e-01
-0.000000000000000000e+00
0.000000000000000000e+00
-0.000000000000000000e+00
-0.000000000000000000e+00
0.000000000000000000e+00
-0.000000000000000000e+00
-0.000000000000000000e+00
-8.286168593811021887e-01
-3.126244213573080577e-01
0.000000000000000000e+00
0.000000000000000000e+00
-0.000000000000000000e+00
0.000000000000000000e+00
-0.000000000000000000e+00
-0.000000000000000000e+00
-0.000000000000000000e+00
0.000000000000000000e+00
0.000000000000000000e+00
0.000000000000000000e+00
0.000000000000000000e+00
-2.600942844005479926e-01
-0.000000000000000000e+00
0.000000000000000000e+00
-0.000000000000000000e+00
4.670168781132130742e-01
0.000000000000000000e+00
-0.000000000000000000e+00
0.000000000000000000e+00
0.000000000000000000e+00
0.000000000000000000e+00
-0.000000000000000000e+00
-0.000000000000000000e+00
-1.703737396864161147e-01
-0.000000000000000000e+00
-0.000000000000000000e+00
0.000000000000000000e+00
0.000000000000000000e+00
0.000000000000000000e+00
-0.000000000000000000e+00
-0.000000000000000000e+00
-0.000000000000000000e+00
0.000000000000000000e+00
0.000000000000000000e+00
-0.000000000000000000e+00
-1.654544234501508990e-02
0.000000000000000000e+00
-1.063001897510251897e-01
0.000000000000000000e+00
-0.000000000000000000e+00
0.000000000000000000e+00
-0.000000000000000000e+00
0.000000000000000000e+00
-0.000000000000000000e+00
0.000000000000000000e+00
0.000000000000000000e+00
-0.000000000000000000e+00
0.000000000000000000e+00
-0.000000000000000000e+00
-0.000000000000000000e+00
-5.109245139181785023e-01
0.000000000000000000e+00
5.398650046435422845e-02
-0.000000000000000000e+00
-3.739451679881708457e-01
0.000000000000000000e+00
0.000000000000000000e+00
0.000000000000000000e+00
2.573585268244234503e-01
0.000000000000000000e+00
0.000000000000000000e+00
-2.221832144132930842e-01
0.000000000000000000e+00
0.000000000000000000e+00
-0.000000000000000000e+00
-0.000000000000000000e+00
-0.000000000000000000e+00
-0.000000000000000000e+00
-0.000000000000000000e+00
0.000000000000000000e+00
-0.000000000000000000e+00
0.000000000000000000e+00
0.000000000000000000e+00
-5.163219780545190707e-01
0.000000000000000000e+00
-0.000000000000000000e+00
0.000000000000000000e+00
-0.000000000000000000e+00
0.000000000000000000e+00
0.000000000000000000e+00
-3.496542217302289063e-02
-0.000000000000000000e+00
-0.000000000000000000e+00
-0.000000000000000000e+00
0.000000000000000000e+00
-0.000000000000000000e+00
0.000000000000000000e+00
-2.330799012457842878e-01
-0.000000000000000000e+00
0.000000000000000000e+00
0.000000000000000000e+00
-0.000000000000000000e+00
-4.325305625965035761e-01
3.644931805908955269e-01
-0.000000000000000000e+00
-0.000000000000000000e+00
-0.000000000000000000e+00
0.000000000000000000e+00
-0.000000000000000000e+00
0.000000000000000000e+00
7.477442033564494009e-03
5.101010777509955574e-01
0.000000000000000000e+00
5.448798532276055706e-02
0.000000000000000000e+00
0.000000000000000000e+00
-1.858523282197155624e-01
-0.000000000000000000e+00
0.000000000000000000e+00
3.386924787659484348e-02
-0.000000000000000000e+00
-0.000000000000000000e+00
-6.480225265657742206e-02
-0.000000000000000000e+00
-0.000000000000000000e+00
0.000000000000000000e+00
4.713801203071739110e-01
0.000000000000000000e+00
0.000000000000000000e+00
-0.000000000000000000e+00
7.251480333914960275e-01
-3.386356657943443982e-01
0.000000000000000000e+00
-0.000000000000000000e+00
0.000000000000000000e+00
-0.000000000000000000e+00
-0.000000000000000000e+00
-0.000000000000000000e+00
0.000000000000000000e+00
0.000000000000000000e+00
-0.000000000000000000e+00
0.000000000000000000e+00
-0.000000000000000000e+00
-0.000000000000000000e+00
-0.000000000000000000e+00
0.000000000000000000e+00
-1.000000000000000000e+00
-0.000000000000000000e+00
6.051637180450004927e-02
0.000000000000000000e+00
0.000000000000000000e+00
0.000000000000000000e+00
-6.322005673770653145e-01
0.000000000000000000e+00
0.000000000000000000e+00
-0.000000000000000000e+00
-0.000000000000000000e+00
-0.000000000000000000e+00
-0.000000000000000000e+00
0.000000000000000000e+00
2.321711726950897448e-01
-0.000000000000000000e+00
-2.225212175837191220e-01
-6.260792760875969476e-01
0.000000000000000000e+00
-0.000000000000000000e+00
0.000000000000000000e+00
-0.000000000000000000e+00
-1.000000000000000000e+00
-0.000000000000000000e+00
-0.000000000000000000e+00
-1.476640481983916842e-01
0.000000000000000000e+00
-1.229177844777455501e-02
-0.000000000000000000e+00
-0.000000000000000000e+00
-0.000000000000000000e+00
-0.000000000000000000e+00
-0.000000000000000000e+00
-0.000000000000000000e+00
0.000000000000000000e+00
-1.810638664378709517e-01
-2.842627947315846115e-01
0.000000000000000000e+00
0.000000000000000000e+00
-2.435728538074451166e-01
0.000000000000000000e+00
-0.000000000000000000e+00
-8.855175363052324167e-02
2.924380713183992730e-01
-0.000000000000000000e+00
-0.000000000000000000e+00
-0.000000000000000000e+00
-0.000000000000000000e+00
0.000000000000000000e+00
-4.574140355716463935e-01
0.000000000000000000e+00
-0.000000000000000000e+00
0.000000000000000000e+00
0.000000000000000000e+00
-0.000000000000000000e+00
1.782966403006806810e-01
-0.000000000000000000e+00
-0.000000000000000000e+00
0.000000000000000000e+00
0.000000000000000000e+00
-0.000000000000000000e+00
-0.000000000000000000e+00
0.000000000000000000e+00
-0.000000000000000000e+00
0.000000000000000000e+00
0.000000000000000000e+00
-0.000000000000000000e+00
7.056449143624279330e-01
-0.000000000000000000e+00
0.000000000000000000e+00
-0.000000000000000000e+00
-6.996038436037387287e-01
-0.000000000000000000e+00
1.224081428770221608e-01
0.000000000000000000e+00
0.000000000000000000e+00
5.797937929046065308e-01
-0.000000000000000000e+00
0.000000000000000000e+00
-0.000000000000000000e+00
-4.201578128596605149e-02
-0.000000000000000000e+00
0.000000000000000000e+00
0.000000000000000000e+00
0.000000000000000000e+00
1.332215260744546159e-01
-0.000000000000000000e+00
0.000000000000000000e+00
-0.000000000000000000e+00
-0.000000000000000000e+00
-4.442273833588872844e-01
-0.000000000000000000e+00
4.518029458183909219e-01
-0.000000000000000000e+00
-2.685623843931746468e-01
-0.000000000000000000e+00
-0.000000000000000000e+00
-0.000000000000000000e+00
9.173622566380559840e-02
-0.000000000000000000e+00
-2.471670171131600258e-01
-0.000000000000000000e+00
0.000000000000000000e+00
-0.000000000000000000e+00
1.954664921319575477e-01
