-2.677074115238893270e-01
0.000000000000000000e+00
-2.172879201313909492e-01
1.051040473275424159e-01
-2.044502105400074765e-01
-0.000000000000000000e+00
1.650899806988011531e-01
-0.000000000000000000e+00
-0.000000000000000000e+00
-0.000000000000000000e+00
-0.000000000000000000e+00
1.204742901861077242e-01
-0.000000000000000000e+00
-0.000000000000000000e+00
-0.000000000000000000e+00
0.000000000000000000e+00
-0.000000000000000000e+00
-1.571172398231180933e-01
-4.093239264799743427e-01
0.000000000000000000e+00
2.816521809800009435e-01
-7.548206135176262210e-02
3.388033862935309060e-01
-0.000000000000000000e+00
5.812169033957760578e-02
0.000000000000000000e+00
0.000000000000000000e+00
-0.000000000000000000e+00
-0.000000000000000000e+00
-0.000000000000000000e+00
-0.000000000000000000e+00
-0.000000000000000000e+00
0.000000000000000000e+00
-0.000000000000000000e+00
-0.000000000000000000e+00
-0.000000000000000000e+00
-5.374853330120265005e-01
-4.784135727113597580e-01
0.000000000000000000e+00
-0.000000000000000000e+00
-1.162841938637127898e-01
-0.000000000000000000e+00
-0.000000000000000000e+00
0.000000000000000000e+00
-0.000000000000000000e+00
-0.000000000000000000e+00
-0.000000000000000000e+00
0.000000000000000000e+00
0.000000000000000000e+00
-0.000000000000000000e+00
-0.000000000000000000e+00
4.516487256863194882e-02
-0.000000000000000000e+00
0.000000000000000000e+00
-0.000000000000000000e+00
0.000000000000000000e+00
-0.000000000000000000e+00
-0.000000000000000000e+00
0.000000000000000000e+00
-1.474332429684560020e-01
-0.000000000000000000e+00
0.000000000000000000e+00
-0.000000000000000000e+00
-0.000000000000000000e+00
0.000000000000000000e+00
-0.000000000000000000e+00
0.000000000000000000e+00
-1.621988914796485548e-01
-1.708543533492701827e-01
-0.000000000000000000e+00
-0.000000000000000000e+00
-6.930331196877084765e-02
0.000000000000000000e+00
0.000000000000000000e+00
-0.000000000000000000e+00
-0.000000000000000000e+00
-0.000000000000000000e+00
0.000000000000000000e+00
0.000000000000000000e+00
0.000000000000000000e+00
0.000000000000000000e+00
-0.000000000000000000e+00
3.447193634544962193e-01
-0.000000000000000000e+00
0.000000000000000000e+00
0.000000000000000000e+00
0.000000000000000000e+00
0.000000000000000000e+00
0.000000000000000000e+00
-0.000000000000000000e+00
0.000000000000000000e+00
-0.000000000000000000e+00
0.000000000000000000e+00
0.000000000000000000e+00
1.174485613467191325e-01
-7.660072523405641043e-01
-3.754338379767873518e-02
-0.000000000000000000e+00
0.000000000000000000e+00
-0.000000000000000000e+00
4.718783890349204646e-01
-0.000000000000000000e+00
-0.000000000000000000e+00
0.000000000000000000e+00
-0.000000000000000000e+00
-0.000000000000000000e+00
0.000000000000000000e+00
6.660052849237901862e-02
0.000000000000000000e+00
0.000000000000000000e+00
-0.000000000000000000e+00
0.000000000000000000e+00
0.000000000000000000e+00
0.000000000000000000e+00
-0.000000000000000000e+00
-0.000000000000000000e+00
0.000000000000000000e+00
0.000000000000000000e+00
0.000000000000000000e+00
-0.000000000000000000e+00
-0.000000000000000000e+00
0.000000000000000000e+00
0.000000000000000000e+00
0.000000000000000000e+00
0.000000000000000000e+00
0.000000000000000000e+00
-1.859383090797957216e-01
0.000000000000000000e+00
0.000000000000000000e+00
-0.000000000000000000e+00
0.000000000000000000e+00
3.231802322994464793e-01
0.000000000000000000e+00
3.505581513291968210e-01
-0.000000000000000000e+00
0.000000000000000000e+00
-0.000000000000000000e+00
-0.000000000000000000e+00
-0.000000000000000000e+00
-0.000000000000000000e+00
0.000000000000000000e+00
3.608895089060898953e-01
-0.000000000000000000e+00
0.000000000000000000e+00
-2.975999098569089840e-01
-0.000000000000000000e+00
-0.000000000000000000e+00
-3.296513051726714383e-01
-0.000000000000000000e+00
0.000000000000000000e+00
-0.000000000000000000e+00
1.547889340872723729e-01
-0.000000000000000000e+00
0.000000000000000000e+00
0.000000000000000000e+00
3.239576731062211445e-01
-0.000000000000000000e+00
-0.000000000000000000e+00
0.000000000000000000e+00
-2.615051514995241910e-01
0.000000000000000000e+00
-2.479908020267518332e-01
-5.595409829045711048e-01
-1.897631915561500127e-01
0.000000000000000000e+00
0.000000000000000000e+00
-0.000000000000000000e+00
-4.634689071698443463e-01
-3.606245676301741421e-01
-2.219008158198121639e-01
-1.000000000000000000e+00
-0.000000000000000000e+00
2.242639826919100299e-01
-0.000000000000000000e+00
-7.277488006508521512e-02
0.000000000000000000e+00
-0.000000000000000000e+00
-0.000000000000000000e+00
0.000000000000000000e+00
0.000000000000000000e+00
0.000000000000000000e+00
-4.383870761256104531e-01
-0.000000000000000000e+00
-1.114220220407856898e-01
0.000000000000000000e+00
-0.000000000000000000e+00
0.000000000000000000e+00
0.000000000000000000e+00
-0.000000000000000000e+00
0.000000000000000000e+00
0.000000000000000000e+00
0.000000000000000000e+00
-0.000000000000000000e+00
-0.000000000000000000e+00
-2.279978815902412304e-01
0.000000000000000000e+00
-0.000000000000000000e+00
0.000000000000000000e+00
-0.000000000000000000e+00
-0.000000000000000000e+00
2.081905849096100658e-01
0.000000000000000000e+00
-0.000000000000000000e+00
-0.000000000000000000e+00
-0.000000000000000000e+00
-0.000000000000000000e+00
-0.000000000000000000e+00
-0.000000000000000000e+00
-4.816126919353955205e-01
0.000000000000000000e+00
0.000000000000000000e+00
0.000000000000000000e+00
-0.000000000000000000e+00
-0.000000000000000000e+00
-0.000000000000000000e+00
-5.714279144360705498e-01
0.000000000000000000e+00
0.000000000000000000e+00
0.000000000000000000e+00
0.000000000000000000e+00
-0.000000000000000000e+00
-0.000000000000000000e+00
-0.000000000000000000e+00
3.917351122410416692e-02
0.000000000000000000e+00
-0.000000000000000000e+00
-0.000000000000000000e+00
-0.000000000000000000e+00
0.000000000000000000e+00
0.000000000000000000e+00
-5.973416528473933507e-02
-3.859814930047171799e-01
0.000000000000000000e+00
9.321633228211496924e-02
-0.000000000000000000e+00
0.000000000000000000e+00
-2.165419120701122246e-01
1.710966250679484268e-01
0.000000000000000000e+00
0.000000000000000000e+00
-0.000000000000000000e+00
0.000000000000000000e+00
-0.000000000000000000e+00
0.000000000000000000e+00
0.000000000000000000e+00
-0.000000000000000000e+00
-0.000000000000000000e+00
0.000000000000000000e+00
0.000000000000000000e+00
2.968043457252365624e-01
-0.000000000000000000e+00
1.916013646965796791e-01
-0.000000000000000000e+00
-0.000000000000000000e+00
0.000000000000000000e+00
-4.559722913818490264e-01
0.000000000000000000e+00
-8.329115303672435244e-02
6.006892932904596138e-01
-0.000000000000000000e+00
-0.000000000000000000e+00
4.792447910462332428e-01
-0.000000000000000000e+00
0.000000000000000000e+00
0.000000000000000000e+00
