-3.121066756524937258e-01
-3.768590385446330959e-01
-9.712093711304643495e-01
6.650247138551950155e-01
4.209281394596664505e-02
-2.162671455491251837e-01
5.996870079689677890e-01
8.748732731475996616e-01
-2.010405254334983738e-01
6.466090337516205988e-01
7.844880345599425375e-01
-2.128802548048367438e-01
6.965408832872737044e-01
-2.192083972840110917e-01
-5.598633382893101196e-01
7.306006693027524701e-01
-5.074414426528417454e-01
2.754070644750048480e-01
3.776013468351278046e-01
-9.894463239619302186e-01
7.959773825149916160e-01
5.815420162886799638e-01
4.738999651065860519e-01
7.273179978068038398e-01
3.562548667462566154e-01
-7.431440643723090655e-01
-4.532048640486663338e-01
-1.934003144885887426e-01
6.728765902217614947e-01
-6.096784669458408246e-01
-2.221856097677608055e-01
8.601571533165313088e-01
9.143294470021852138e-01
2.151849314098905896e-01
9.054103953403909166e-01
9.076142764441177402e-01
4.302231266999192449e-01
-2.707310921734917830e-01
4.479753763550282653e-01
-8.777241597082203750e-01
-9.320818958626964079e-01
-9.768580467675467283e-01
3.533645608926854198e-01
7.656801148431915394e-01
3.476408616523225525e-01
-9.613537088774797290e-01
2.511745811492782643e-01
3.054277249219612411e-01
6.452235205046572553e-01
8.630757082759155097e-02
8.865496453553720624e-01
6.022561577086049667e-02
1.081973322828000406e-03
5.063213588324293468e-01
5.186423809432625376e-01
4.038654567128059369e-01
6.024666561480440663e-02
1.109184708913382167e-01
5.849257475242737314e-01
8.662445021228410980e-01
-9.238381289838715205e-01
6.472715401864190810e-01
-9.538127280256993856e-01
-3.785958803350686352e-02
8.074253666918940198e-03
-7.313334860932374504e-02
-5.572325782044016407e-01
6.988259018438447434e-01
6.989218922599034212e-01
-3.863464399158673679e-01
-6.171768712611935825e-02
9.258824479486020831e-01
7.371585324321527910e-01
-2.574919624569866894e-01
-2.504331935137120713e-01
-3.553620228887020005e-01
3.396474044326451835e-01
-9.491754846633948528e-01
-2.312495463167871801e-01
-6.009613268796760721e-01
5.127575071863330614e-01
-6.812334311088708017e-01
5.032241086401905150e-01
3.343851575747545102e-01
2.152352955952083757e-01
-7.546775947153205877e-02
5.820033854089869951e-01
5.207335890257642763e-01
6.477555016958762568e-01
6.710474723136266029e-01
-5.937454759148681482e-01
-9.762450404885980593e-01
9.315953514910380040e-01
3.069950500834541796e-01
-2.405054864969808914e-01
-3.033798778960683507e-01
9.285068282180559684e-01
-3.305256898572688229e-01
9.022205087620713826e-01
7.307933297032318531e-01
8.428627493559546213e-01
6.752114637657065099e-01
5.730422294215129497e-01
7.550024152184418025e-01
2.430324189121768619e-01
6.489168953457040701e-01
6.285384545267538314e-01
2.598180994968646296e-01
-5.960510216208656509e-01
-5.749334199983364702e-01
-6.581832593825120981e-02
2.388430105303938067e-01
-4.961043262308706403e-01
1.859257266275535780e-01
-3.648088862201250837e-01
8.922744356196330440e-01
8.819030688488105341e-02
9.050472375310119055e-01
-9.673873660089231663e-01
-8.142705734106152615e-01
8.797672471243846992e-01
-3.040524841613947427e-01
-3.798123568875273470e-01
7.479554486186736906e-01
7.143020339747967462e-01
6.471453831111302346e-01
-7.687408797661212656e-01
-7.676191742953828445e-01
3.924110299993768258e-01
1.052433180403971047e-01
8.602733404262461470e-01
-5.428716623877174463e-01
5.481087144497234220e-01
-5.549320284157572836e-01
1.332239468808031901e-01
2.961143467191096335e-01
-1.826177659288292787e-01
6.107668714069469651e-02
5.227871486680109037e-01
-7.489184104128290276e-01
-8.714771187163810051e-01
8.553679036812520398e-01
-3.514647177031746672e-01
4.696011693561989997e-01
-1.600945419900066113e-01
6.000243466176493623e-01
-2.020138068575256796e-01
-9.506705745069479185e-01
-2.540637223949593348e-02
2.353750443929134573e-01
6.196877146863850605e-01
-4.365889463782728352e-01
-8.422030814954648559e-01
-6.817485136981482619e-01
-4.008726535542417313e-01
2.737843423459589420e-01
9.364042730904746925e-01
-6.248030710743273097e-01
-8.945823593917596739e-01
5.453872131530337342e-01
8.395952391183383323e-01
6.255852194302384817e-01
9.917724852633091892e-02
7.055471690733892132e-01
-5.308431099343491333e-02
9.167647802350769037e-01
-4.183811222367583849e-01
6.982577280567985323e-01
8.369686840123589100e-01
-6.062652170243103544e-01
-5.353346541218451105e-01
-1.214955226640119790e-01
-5.827211069948801114e-01
-6.084596067884133763e-01
-2.998513040202612778e-01
9.609291321929736007e-02
-6.696553300429346489e-01
5.577060013846852904e-01
-9.494785842944193366e-01
-6.984627173743136463e-01
-4.039764124774554155e-01
-6.096148651018262754e-02
-7.626735945820719564e-01
9.950560426774759382e-01
9.152083641053057050e-01
1.809934525284440099e-02
-8.252705589058384472e-01
4.559133185923949227e-01
6.239135670973006143e-02
-1.156122180560803514e-02
-4.805138827746135988e-01
-5.535987726821178789e-01
5.681679742675103117e-01
1.789673066284458436e-02
-5.318738482054816696e-01
-4.634623699887763237e-03
5.027571547837386134e-01
3.206074712515902814e-01
8.108574198319173920e-01
-5.797604833971572447e-01
4.644295254752359714e-01
2.915685440055941768e-01
-2.943832506944237259e-01
7.427950451957510136e-01
1.586651137334849082e-01
9.102723938770955758e-01
-4.665714189663061617e-02
-1.245956851459584236e-02
6.763652730589986284e-01
1.183733201209897778e-01
9.917286554882358551e-01
-4.044983028981625761e-01
-6.689608526932395716e-01
8.286056939103338959e-01
2.612373857928860232e-01
9.382095135822694498e-01
8.347837956740100651e-03
-5.017666552002544300e-01
4.929028022761219319e-01
-2.487401602350796104e-01
3.159139282516600922e-01
-1.078819220986562133e-01
4.896636426741001191e-01
-8.129068305613107448e-02
-9.518630184805576544e-01
6.912195766838307165e-01
-2.684342053395061267e-01
1.336285908523053845e-01
4.434864948595822476e-01
9.510860781853556212e-01
4.828600222507948292e-01
-2.608356413254022677e-01
6.151076919232589812e-01
6.335297222695122077e-01
-2.789126102025292209e-01
-7.235699260854016046e-01
-1.371345505737902037e-01
9.549231961095900889e-01
5.531947185163010872e-02
2.944273677485671481e-01
-6.048538832951833033e-01
-7.004288310967543563e-01
8.555683344426823211e-02
2.723511066876906916e-01
-1.327235595651190536e-01
-7.208526763018900940e-01
-2.594533352210106614e-01
5.233312511617398410e-01
6.491155959710193102e-02
7.248825055264727091e-01
-7.231425036604974821e-01
7.427118653058171205e-01
1.476786409165298242e-01
-8.611023730004536691e-01
-5.295999897768175479e-01
-9.287728147784581889e-01
-6.732929652094212791e-01
2.379144434501434535e-01
5.243624224249738841e-01
6.535094608993550214e-01
-9.957978242072231811e-01
-5.029706664656519166e-03
7.830937392825121357e-01
3.176525735811419615e-02
-6.960823473906649905e-01
