-0.000000000000000000e+00
-0.000000000000000000e+00
-8.058724655575972839e-01
0.000000000000000000e+00
0.000000000000000000e+00
3.173395307014505451e-01
4.144088854285902235e-01
0.000000000000000000e+00
-0.000000000000000000e+00
0.000000000000000000e+00
-6.040952901683092069e-01
-0.000000000000000000e+00
0.000000000000000000e+00
-3.426671943202146964e-01
-0.000000000000000000e+00
-0.000000000000000000e+00
0.000000000000000000e+00
1.080678005891436838e-01
-9.892111591726990283e-02
-9.847679966252556594e-02
-0.000000000000000000e+00
0.000000000000000000e+00
0.000000000000000000e+00
0.000000000000000000e+00
-0.000000000000000000e+00
-0.000000000000000000e+00
-1.917424454055868532e-01
0.000000000000000000e+00
0.000000000000000000e+00
-0.000000000000000000e+00
-0.000000000000000000e+00
-0.000000000000000000e+00
4.048001769911847569e-01
-0.000000000000000000e+00
-0.000000000000000000e+00
0.000000000000000000e+00
2.832688032500739195e-01
-0.000000000000000000e+00
0.000000000000000000e+00
-0.000000000000000000e+00
4.922111527998568326e-01
5.492185984234838197e-02
-3.234980891959726018e-02
-0.000000000000000000e+00
-0.000000000000000000e+00
-0.000000000000000000e+00
-7.190407068795728884e-02
-4.734030910298649419e-01
0.000000000000000000e+00
3.452797566325851442e-01
2.464606779808937650e-02
-0.000000000000000000e+00
0.000000000000000000e+00
-0.000000000000000000e+00
1.501790212633383748e-01
-0.000000000000000000e+00
0.000000000000000000e+00
0.000000000000000000e+00
0.000000000000000000e+00
0.000000000000000000e+00
-4.245802311043403443e-01
0.000000000000000000e+00
-0.000000000000000000e+00
0.000000000000000000e+00
-0.000000000000000000e+00
-0.000000000000000000e+00
-3.926969659645001554e-01
0.000000000000000000e+00
0.000000000000000000e+00
0.000000000000000000e+00
-0.000000000000000000e+00
0.000000000000000000e+00
-0.000000000000000000e+00
-0.000000000000000000e+00
0.000000000000000000e+00
0.000000000000000000e+00
0.000000000000000000e+00
0.000000000000000000e+00
0.000000000000000000e+00
-1.739555396026876144e-01
-0.000000000000000000e+00
-0.000000000000000000e+00
-8.033623109410001351e-02
-0.000000000000000000e+00
-0.000000000000000000e+00
-0.000000000000000000e+00
0.000000000000000000e+00
0.000000000000000000e+00
0.000000000000000000e+00
-0.000000000000000000e+00
-0.000000000000000000e+00
-0.000000000000000000e+00
0.000000000000000000e+00
0.000000000000000000e+00
2.579045453938510479e-01
0.000000000000000000e+00
0.000000000000000000e+00
9.042123676545289410e-03
0.000000000000000000e+00
-0.000000000000000000e+00
2.717875087408129775e-01
0.000000000000000000e+00
-2.739749444486165239e-02
-0.000000000000000000e+00
-0.000000000000000000e+00
-0.000000000000000000e+00
2.388018535405816989e-01
-0.000000000000000000e+00
-0.000000000000000000e+00
-6.108949330162666280e-01
0.000000000000000000e+00
-0.000000000000000000e+00
-0.000000000000000000e+00
-0.000000000000000000e+00
0.000000000000000000e+00
-0.000000000000000000e+00
0.000000000000000000e+00
-0.000000000000000000e+00
-0.000000000000000000e+00
0.000000000000000000e+00
-0.000000000000000000e+00
0.000000000000000000e+00
0.000000000000000000e+00
-0.000000000000000000e+00
0.000000000000000000e+00
0.000000000000000000e+00
-0.000000000000000000e+00
-0.000000000000000000e+00
-2.799032266739105435e-01
-0.000000000000000000e+00
-0.000000000000000000e+00
0.000000000000000000e+00
-3.798544501435062726e-01
-0.000000000000000000e+00
0.000000000000000000e+00
-0.000000000000000000e+00
-0.000000000000000000e+00
0.000000000000000000e+00
0.000000000000000000e+00
0.000000000000000000e+00
-0.000000000000000000e+00
-0.000000000000000000e+00
0.000000000000000000e+00
0.000000000000000000e+00
-0.000000000000000000e+00
0.000000000000000000e+00
-1.327085485562116973e-01
8.106442293548534739e-01
0.000000000000000000e+00
0.000000000000000000e+00
-0.000000000000000000e+00
1.202508143665898394e-01
4.074896324419645666e-01
-1.041407618598377133e-02
1.316350106734255621e-01
1.237138555821558628e-01
0.000000000000000000e+00
-0.000000000000000000e+00
-0.000000000000000000e+00
0.000000000000000000e+00
-0.000000000000000000e+00
2.452988536499497441e-01
0.000000000000000000e+00
0.000000000000000000e+00
-0.000000000000000000e+00
-0.000000000000000000e+00
0.000000000000000000e+00
4.830473412182233889e-02
3.695672522853742370e-01
-0.000000000000000000e+00
0.000000000000000000e+00
-0.000000000000000000e+00
2.007213438303485920e-01
-0.000000000000000000e+00
-0.000000000000000000e+00
0.000000000000000000e+00
3.689730215551577652e-01
0.000000000000000000e+00
3.682014568640040730e-01
0.000000000000000000e+00
0.000000000000000000e+00
4.263994159802823591e-01
-0.000000000000000000e+00
0.000000000000000000e+00
2.177523924665617783e-01
0.000000000000000000e+00
0.000000000000000000e+00
-0.000000000000000000e+00
-6.224503032371415945e-02
-1.948532860043913351e-01
6.517627497508819701e-02
0.000000000000000000e+00
-0.000000000000000000e+00
-3.765973749911805113e-01
0.000000000000000000e+00
-0.000000000000000000e+00
-0.000000000000000000e+00
0.000000000000000000e+00
0.000000000000000000e+00
-0.000000000000000000e+00
1.059894620495247797e-01
2.474582953281921072e-01
0.000000000000000000e+00
-0.000000000000000000e+00
-0.000000000000000000e+00
7.827345304715753460e-02
0.000000000000000000e+00
0.000000000000000000e+00
0.000000000000000000e+00
3.307973016007035444e-02
-0.000000000000000000e+00
0.000000000000000000e+00
-0.000000000000000000e+00
-0.000000000000000000e+00
-7.648341991532477124e-02
-9.081430184224803526e-02
0.000000000000000000e+00
1.787271959818057532e-01
-0.000000000000000000e+00
-0.000000000000000000e+00
-0.000000000000000000e+00
0.000000000000000000e+00
0.000000000000000000e+00
0.000000000000000000e+00
-0.000000000000000000e+00
0.000000000000000000e+00
-0.000000000000000000e+00
1.983199816967227413e-01
-0.000000000000000000e+00
0.000000000000000000e+00
0.000000000000000000e+00
-0.000000000000000000e+00
-0.000000000000000000e+00
-0.000000000000000000e+00
0.000000000000000000e+00
0.000000000000000000e+00
0.000000000000000000e+00
0.000000000000000000e+00
-0.000000000000000000e+00
0.000000000000000000e+00
-0.000000000000000000e+00
0.000000000000000000e+00
-0.000000000000000000e+00
-0.000000000000000000e+00
4.771362990824947747e-01
-4.253923564655620604e-01
-0.000000000000000000e+00
0.000000000000000000e+00
2.639533537842315147e-01
-0.000000000000000000e+00
-0.000000000000000000e+00
0.000000000000000000e+00
0.000000000000000000e+00
-0.000000000000000000e+00
1.707060526113987620e-01
-0.000000000000000000e+00
-0.000000000000000000e+00
0.000000000000000000e+00
-9.876987686404885280e-02
0.000000000000000000e+00
-0.000000000000000000e+00
0.000000000000000000e+00
0.000000000000000000e+00
-0.000000000000000000e+00
-7.590692132958395399e-01
