-3.447302961797515941e-01
3.469217672609661296e-01
-7.310960696157615679e-01
-2.146179928945637361e-01
-2.418361229803815959e-01
-5.628749127385468398e-02
8.522606655913427254e-01
-4.229137625457326521e-01
4.525498090783155458e-01
-4.245061727471468593e-01
-3.100070438347328761e-01
-7.315148449323656266e-01
1.614168979668226811e-01
-2.390158464967049312e-01
-6.932230520224214043e-01
-5.161160333529042354e-01
-2.988359611150011030e-01
6.138706132352338418e-01
-6.721201036948589724e-01
-2.569351560178017024e-01
-4.050419096595405666e-01
-2.231579627097002305e-01
-9.853040962987662521e-01
2.625186674842607815e-01
6.378696347839356573e-01
-8.953177934892555534e-01
7.860132636958570007e-01
-4.831994125643668259e-01
-7.469017017087660193e-01
-5.908182861552311316e-01
2.755992446136710239e-01
-4.730202291334830722e-01
-4.310647211391005484e-02
-4.971796974565612093e-01
-8.008564067692351962e-01
-8.855122565029125425e-01
1.249454409094363783e-01
5.218796789042001727e-02
-5.027020825390411396e-01
-2.583590186817108503e-01
-7.768726721844727567e-01
-7.344267445303445108e-01
-5.972223943138919022e-01
7.019871586070327574e-01
-8.259260004979056546e-01
-9.743305047514245754e-01
5.423022126828231926e-01
-8.711667952817441218e-01
-5.664386073534033450e-02
5.722415802553015851e-01
1.600799961131451621e-01
3.277855668872875494e-01
2.752168295145334120e-01
3.637592982665589503e-01
1.324010541677569375e-01
-8.783021343361356870e-01
-1.999027807683968483e-01
-6.260198503801506220e-02
-8.511223264801193178e-01
8.578991531023949513e-01
2.188026668132587726e-01
-2.013701599532402575e-02
-2.820737907989814275e-01
8.766861323253150040e-01
-1.758503664524304622e-01
-6.822394217046119369e-01
-3.969133613438102781e-01
8.631703957717529185e-02
-6.533806848265910627e-01
-6.976331300196729757e-01
5.691297294819857022e-01
8.246973100107595211e-01
-4.695113594824311676e-01
-6.149400797823030285e-01
-7.787596664487939080e-01
7.928797184978324530e-01
2.212145634208870781e-01
-9.569657415569412517e-01
-3.726391786180696108e-01
-6.164705964665901927e-01
3.676524399470126880e-02
1.929349787460852284e-01
3.379644475894807432e-01
-2.299970138152387378e-01
5.951362665997783630e-02
-1.617593922860476319e-01
7.300318234943505846e-01
9.497505922619002838e-01
-3.962956944651436775e-01
-7.046576166448121903e-01
9.184892240415432063e-02
-5.360370373374598874e-01
5.172570100284812344e-01
8.212169017696984152e-01
2.487760239601242152e-01
-3.968406043257250992e-01
-5.897732939503328442e-01
7.605959868091412002e-01
4.664221283593550371e-01
5.154407007018766418e-01
9.259122486869553192e-02
6.950389474797666889e-01
-3.729729559558339069e-01
-1.208864622133183353e-01
4.217651631903653886e-01
5.907792271873253398e-01
-7.871557184801798446e-01
1.274873755063292702e-01
-2.061156433880704242e-01
1.254167418972047532e-01
9.333872804752807451e-01
7.850497513435394925e-01
2.456851722032644680e-01
-5.937550181174224839e-01
-4.850337672206250783e-01
-1.387130957025741740e-01
4.016059540283345441e-02
4.831328068107709761e-01
-6.858602883324709243e-01
-1.726818444669209196e-01
-2.637096853264127017e-01
-7.485309196096419093e-01
-7.436798925032819252e-01
3.561756703304643779e-01
9.774008704012993043e-01
-6.027144722591544213e-01
8.880890167524997381e-01
-3.949665231729044823e-01
-1.638090516272361352e-01
7.092403884611295783e-01
-5.043461621626519342e-01
2.342000499466518892e-01
1.822369105788301802e-01
9.583938091646893032e-01
-3.165113772925260971e-01
-5.921173992496293614e-01
-1.400211092664578327e-01
1.815704811510077121e-01
-8.026108342095645831e-01
-1.936209668584827348e-01
-8.709907752613323950e-01
3.750123862219800763e-01
-4.032689579295785087e-01
-9.693128851121888268e-01
-2.547418060493731318e-01
-5.349159909927756473e-01
-8.686507064692579050e-01
-6.050612971581581512e-02
-3.356653777775535641e-01
-6.308015377642643973e-01
5.097013114795554412e-01
9.962070212742413222e-01
8.029935594741881566e-01
5.576354367764080333e-01
-9.258452958940304178e-01
-9.933617006451944675e-01
2.661450414383670360e-01
-4.560615419176472507e-02
4.573530196559159045e-01
2.884321766788109365e-01
-5.585633647343697383e-01
3.447216523652865128e-01
-1.791983514094592778e-01
7.352612349476035369e-01
-7.981406971001403505e-01
-1.610861938232446278e-01
1.138645835850475851e-01
-2.005123614061172788e-01
-9.015044486210068708e-01
5.576958323100229542e-01
-4.101015173722317719e-01
3.086719922575593689e-01
2.574532882630609087e-01
2.857808916448170145e-01
9.990448743576554325e-01
5.501559925333596723e-01
7.250366407242858635e-01
-6.645383426916964265e-01
-3.708621330839345642e-01
-2.365551911178505051e-01
3.912965573131101937e-01
9.907494823230413861e-01
2.798328183699025917e-01
8.341795991945060162e-01
-1.340314499757897515e-01
4.195335061568064017e-01
2.320741907467638310e-01
3.103822414756449710e-01
-5.478933564755730234e-01
4.319933764967620604e-02
-5.230918103172794709e-01
3.532895549121386480e-01
-6.374123025564610856e-01
-8.309904346436247646e-01
-3.452689354207121308e-01
3.359411936794578502e-01
-3.185288980683749216e-01
6.900311340676608118e-01
-1.907236546684556444e-01
5.493206400454397897e-01
-9.523425558268083790e-01
6.033204752532124182e-01
-8.590337012673365802e-01
8.541571565447547698e-02
6.724727076966576789e-01
-2.130029444880434664e-01
6.928484481529932903e-01
-6.761441778716579254e-01
3.398011110582821459e-02
-3.176908790787449366e-01
-4.440724805477054282e-01
-5.353746824675376104e-01
1.992714214730300082e-01
2.165187999552402598e-01
6.288555983154531237e-01
-9.647347219837598686e-01
-6.929405608603025346e-01
-8.681194624833419304e-01
8.293637969876577198e-01
9.847610500390913124e-01
-6.529611712116594191e-01
3.171489722914682119e-01
5.274598782225878857e-01
1.712971985050351087e-01
-2.875567362405369032e-01
-3.689609290325444046e-01
-1.798624698782442799e-01
-4.899445584504942275e-01
-3.667692327965046406e-01
2.441130471933923296e-01
-8.629218596958820875e-02
8.519661178131134882e-01
5.471460237585084041e-01
2.327240956825764595e-01
9.165967393926157669e-01
-9.978088320144267165e-01
5.367544493229956526e-01
-5.445774699986898337e-01
-3.956873271204168763e-01
-6.515692630080947012e-01
-1.138667392710217552e-01
-9.286762647997706122e-01
-3.564301662423714490e-01
4.209405659292868584e-01
3.217810965892926589e-01
-2.218164033819698400e-01
-1.730186234853945404e-01
-6.924645977271635111e-01
-7.451670961970555673e-01
-1.308599938864765111e-01
5.666786465551365559e-02
2.432220910040741035e-01
-1.233885153163485349e-01
8.598824106483304863e-01
-2.019433921624969042e-01
5.961689380736410193e-01
-2.989985653009690214e-01
-5.882567597895960176e-02
-8.769627460907645222e-01
7.195978220779031265e-01
-1.367307250354321546e-02
-8.351276788234929249e-01
7.664336552257560164e-01
1.831751146427391674e-01
7.365735230004215595e-01
