-0.000000000000000000e+00
2.030837926868502008e-01
-1.857124453363443173e-01
-0.000000000000000000e+00
-0.000000000000000000e+00
2.843434441708413973e-01
-0.000000000000000000e+00
0.000000000000000000e+00
-0.000000000000000000e+00
-0.000000000000000000e+00
0.000000000000000000e+00
-4.548070070591053726e-01
-0.000000000000000000e+00
0.000000000000000000e+00
-0.000000000000000000e+00
-0.000000000000000000e+00
-4.713181384014513697e-01
-0.000000000000000000e+00
-0.000000000000000000e+00
2.108058640346286983e-01
-1.756245759653427552e-01
0.000000000000000000e+00
0.000000000000000000e+00
-0.000000000000000000e+00
0.000000000000000000e+00
0.000000000000000000e+00
-0.000000000000000000e+00
0.000000000000000000e+00
2.545884704289427258e-01
0.000000000000000000e+00
-0.000000000000000000e+00
0.000000000000000000e+00
-0.000000000000000000e+00
0.000000000000000000e+00
2.359373091865240579e-01
0.000000000000000000e+00
-0.000000000000000000e+00
0.000000000000000000e+00
-0.000000000000000000e+00
-0.000000000000000000e+00
-0.000000000000000000e+00
-0.000000000000000000e+00
-0.000000000000000000e+00
-0.000000000000000000e+00
-0.000000000000000000e+00
-0.000000000000000000e+00
0.000000000000000000e+00
-0.000000000000000000e+00
2.017442573317071997e-01
0.000000000000000000e+00
-0.000000000000000000e+00
-0.000000000000000000e+00
-0.000000000000000000e+00
0.000000000000000000e+00
0.000000000000000000e+00
-0.000000000000000000e+00
-0.000000000000000000e+00
-0.000000000000000000e+00
0.000000000000000000e+00
-1.978365522100838936e-01
0.000000000000000000e+00
0.000000000000000000e+00
-0.000000000000000000e+00
0.000000000000000000e+00
0.000000000000000000e+00
-0.000000000000000000e+00
0.000000000000000000e+00
0.000000000000000000e+00
0.000000000000000000e+00
-2.362177423225373663e-01
-0.000000000000000000e+00
-0.000000000000000000e+00
-2.454457936880565794e-01
-0.000000000000000000e+00
0.000000000000000000e+00
7.483361409130635800e-02
0.000000000000000000e+00
-1.661037127071341435e-01
-0.000000000000000000e+00
3.242448379949822712e-01
3.538815318997476367e-02
-0.000000000000000000e+00
-0.000000000000000000e+00
-0.000000000000000000e+00
-0.000000000000000000e+00
0.000000000000000000e+00
-7.838057899238814324e-03
-0.000000000000000000e+00
-0.000000000000000000e+00
-5.218670650139361350e-02
-5.732934630575887980e-02
0.000000000000000000e+00
0.000000000000000000e+00
0.000000000000000000e+00
-2.104336244386696142e-01
-0.000000000000000000e+00
0.000000000000000000e+00
0.000000000000000000e+00
0.000000000000000000e+00
-0.000000000000000000e+00
-0.000000000000000000e+00
9.671490924852142734e-02
-0.000000000000000000e+00
0.000000000000000000e+00
0.000000000000000000e+00
0.000000000000000000e+00
-0.000000000000000000e+00
-0.000000000000000000e+00
-0.000000000000000000e+00
6.766108596044671797e-02
-0.000000000000000000e+00
-0.000000000000000000e+00
0.000000000000000000e+00
-4.815440971169656081e-01
-0.000000000000000000e+00
-0.000000000000000000e+00
2.042308493431914396e-01
-0.000000000000000000e+00
-0.000000000000000000e+00
0.000000000000000000e+00
0.000000000000000000e+00
-0.000000000000000000e+00
0.000000000000000000e+00
0.000000000000000000e+00
0.000000000000000000e+00
6.400974336640634643e-01
1.308562056484995073e-01
0.000000000000000000e+00
-0.000000000000000000e+00
0.000000000000000000e+00
-0.000000000000000000e+00
-0.000000000000000000e+00
0.000000000000000000e+00
0.000000000000000000e+00
-0.000000000000000000e+00
-1.090329177972133856e-01
-0.000000000000000000e+00
0.000000000000000000e+00
-0.000000000000000000e+00
-2.192181112386929615e-02
-0.000000000000000000e+00
0.000000000000000000e+00
0.000000000000000000e+00
-0.000000000000000000e+00
0.000000000000000000e+00
-0.000000000000000000e+00
-0.000000000000000000e+00
-0.000000000000000000e+00
-1.547277441489089134e-01
0.000000000000000000e+00
-0.000000000000000000e+00
3.812260011060773779e-02
0.000000000000000000e+00
-0.000000000000000000e+00
-0.000000000000000000e+00
0.000000000000000000e+00
5.364710281397953029e-01
0.000000000000000000e+00
-0.000000000000000000e+00
-0.000000000000000000e+00
0.000000000000000000e+00
0.000000000000000000e+00
2.605921726720089593e-01
0.000000000000000000e+00
0.000000000000000000e+00
0.000000000000000000e+00
0.000000000000000000e+00
3.353220442881778562e-01
-3.552671482244095791e-01
1.046070952125938563e-01
-0.000000000000000000e+00
0.000000000000000000e+00
6.953013760194286241e-02
-2.664028976768252344e-01
0.000000000000000000e+00
-0.000000000000000000e+00
-0.000000000000000000e+00
1.621336057986004150e-02
-2.558590447664025325e-01
-2.277372522764428142e-01
0.000000000000000000e+00
4.294458726654717257e-02
-0.000000000000000000e+00
3.818959283245662029e-01
1.285772050620799523e-01
0.000000000000000000e+00
0.000000000000000000e+00
-0.000000000000000000e+00
0.000000000000000000e+00
0.000000000000000000e+00
-0.000000000000000000e+00
-0.000000000000000000e+00
-0.000000000000000000e+00
0.000000000000000000e+00
-1.153218362560806537e-01
-3.421069127443124858e-01
-0.000000000000000000e+00
5.189978943249367038e-01
-3.443657579893279197e-02
-4.565692242438652154e-02
0.000000000000000000e+00
0.000000000000000000e+00
0.000000000000000000e+00
0.000000000000000000e+00
0.000000000000000000e+00
0.000000000000000000e+00
0.000000000000000000e+00
0.000000000000000000e+00
-0.000000000000000000e+00
-0.000000000000000000e+00
-0.000000000000000000e+00
3.770941180539332249e-01
-0.000000000000000000e+00
-0.000000000000000000e+00
-2.336930750050990047e-01
-2.199011458457455492e-01
-0.000000000000000000e+00
-3.523079001029562618e-01
-0.000000000000000000e+00
-0.000000000000000000e+00
-3.794159632930486081e-01
-0.000000000000000000e+00
5.609076092133054026e-01
0.000000000000000000e+00
-0.000000000000000000e+00
1.068589508966082541e-01
-0.000000000000000000e+00
-0.000000000000000000e+00
0.000000000000000000e+00
0.000000000000000000e+00
4.862747255171439020e-01
2.464181522593811013e-01
-0.000000000000000000e+00
0.000000000000000000e+00
0.000000000000000000e+00
-0.000000000000000000e+00
0.000000000000000000e+00
0.000000000000000000e+00
0.000000000000000000e+00
0.000000000000000000e+00
0.000000000000000000e+00
-6.845791459813651558e-01
0.000000000000000000e+00
0.000000000000000000e+00
0.000000000000000000e+00
-0.000000000000000000e+00
-9.594708433596060501e-03
-0.000000000000000000e+00
-4.830367640652694430e-03
0.000000000000000000e+00
0.000000000000000000e+00
-0.000000000000000000e+00
9.999696717403494528e-02
-0.000000000000000000e+00
0.000000000000000000e+00
0.000000000000000000e+00
0.000000000000000000e+00
0.000000000000000000e+00
3.358411856984713784e-01
0.000000000000000000e+00
0.000000000000000000e+00
-1.744244655660352750e-01
0.000000000000000000e+00
-0.000000000000000000e+00
-0.000000000000000000e+00
