-0.000000000000000000e+00
0.000000000000000000e+00
0.000000000000000000e+00
0.000000000000000000e+00
0.000000000000000000e+00
-0.000000000000000000e+00
-1.676443184251142637e-01
-0.000000000000000000e+00
3.717173921712035312e-01
0.000000000000000000e+00
-0.000000000000000000e+00
-5.088253480478486246e-01
-0.000000000000000000e+00
-4.964091144002197309e-01
0.000000000000000000e+00
-8.719276422044129615e-02
-0.000000000000000000e+00
-0.000000000000000000e+00
0.000000000000000000e+00
-0.000000000000000000e+00
-3.237631552890666287e-01
-1.166891212509946762e-01
0.000000000000000000e+00
-0.000000000000000000e+00
-2.516816301770307129e-01
2.224560032908317053e-01
-0.000000000000000000e+00
0.000000000000000000e+00
0.000000000000000000e+00
0.000000000000000000e+00
-0.000000000000000000e+00
-0.000000000000000000e+00
0.000000000000000000e+00
0.000000000000000000e+00
0.000000000000000000e+00
0.000000000000000000e+00
-4.554435536214970770e-02
0.000000000000000000e+00
0.000000000000000000e+00
-0.000000000000000000e+00
0.000000000000000000e+00
6.776179405686415524e-01
-0.000000000000000000e+00
0.000000000000000000e+00
-0.000000000000000000e+00
-1.267370073685875898e-01
-4.901137810659169508e-02
0.000000000000000000e+00
-0.000000000000000000e+00
-0.000000000000000000e+00
0.000000000000000000e+00
0.000000000000000000e+00
0.000000000000000000e+00
-0.000000000000000000e+00
-0.000000000000000000e+00
-0.000000000000000000e+00
-0.000000000000000000e+00
-0.000000000000000000e+00
0.000000000000000000e+00
0.000000000000000000e+00
1.191101198218757207e-01
-0.000000000000000000e+00
1.722084434882395765e-01
0.000000000000000000e+00
0.000000000000000000e+00
-0.000000000000000000e+00
-0.000000000000000000e+00
0.000000000000000000e+00
-2.142482720715949973e-01
0.000000000000000000e+00
6.602765440138762543e-01
0.000000000000000000e+00
-3.964617388113965135e-01
-5.958790101525199834e-01
0.000000000000000000e+00
4.877893198000094466e-01
0.000000000000000000e+00
3.131897958762121514e-01
-3.783469737879233685e-01
1.851966369419163205e-01
-0.000000000000000000e+00
0.000000000000000000e+00
-0.000000000000000000e+00
-0.000000000000000000e+00
0.000000000000000000e+00
0.000000000000000000e+00
0.000000000000000000e+00
0.000000000000000000e+00
-0.000000000000000000e+00
0.000000000000000000e+00
-0.000000000000000000e+00
0.000000000000000000e+00
-0.000000000000000000e+00
0.000000000000000000e+00
0.000000000000000000e+00
-0.000000000000000000e+00
-0.000000000000000000e+00
0.000000000000000000e+00
-0.000000000000000000e+00
0.000000000000000000e+00
0.000000000000000000e+00
-0.000000000000000000e+00
1.547130886238165248e-01
0.000000000000000000e+00
0.000000000000000000e+00
-0.000000000000000000e+00
-0.000000000000000000e+00
-3.354590532031988537e-01
-8.125252284513121426e-01
0.000000000000000000e+00
-0.000000000000000000e+00
-0.000000000000000000e+00
0.000000000000000000e+00
0.000000000000000000e+00
0.000000000000000000e+00
-0.000000000000000000e+00
0.000000000000000000e+00
0.000000000000000000e+00
-0.000000000000000000e+00
-0.000000000000000000e+00
-0.000000000000000000e+00
-0.000000000000000000e+00
0.000000000000000000e+00
0.000000000000000000e+00
0.000000000000000000e+00
-0.000000000000000000e+00
0.000000000000000000e+00
0.000000000000000000e+00
0.000000000000000000e+00
-0.000000000000000000e+00
-0.000000000000000000e+00
-0.000000000000000000e+00
-0.000000000000000000e+00
0.000000000000000000e+00
0.000000000000000000e+00
-0.000000000000000000e+00
0.000000000000000000e+00
0.000000000000000000e+00
-0.000000000000000000e+00
-0.000000000000000000e+00
0.000000000000000000e+00
-0.000000000000000000e+00
0.000000000000000000e+00
0.000000000000000000e+00
-0.000000000000000000e+00
0.000000000000000000e+00
-0.000000000000000000e+00
1.392867222991047704e-01
0.000000000000000000e+00
0.000000000000000000e+00
0.000000000000000000e+00
-2.920562692613664635e-01
-0.000000000000000000e+00
-0.000000000000000000e+00
4.473353016532609638e-01
-0.000000000000000000e+00
-2.707454093044815990e-01
0.000000000000000000e+00
0.000000000000000000e+00
-0.000000000000000000e+00
-0.000000000000000000e+00
6.366390431563841157e-02
-0.000000000000000000e+00
0.000000000000000000e+00
0.000000000000000000e+00
0.000000000000000000e+00
7.928992612436944198e-02
-0.000000000000000000e+00
0.000000000000000000e+00
0.000000000000000000e+00
8.408077134574242217e-01
-0.000000000000000000e+00
-0.000000000000000000e+00
-0.000000000000000000e+00
0.000000000000000000e+00
0.000000000000000000e+00
-0.000000000000000000e+00
-0.000000000000000000e+00
0.000000000000000000e+00
0.000000000000000000e+00
-0.000000000000000000e+00
-9.623992038662308734e-02
0.000000000000000000e+00
1.952319605287424487e-01
-0.000000000000000000e+00
-0.000000000000000000e+00
6.189893568108082444e-01
-0.000000000000000000e+00
-0.000000000000000000e+00
-3.499374499031890906e-01
6.651874796236359466e-02
0.000000000000000000e+00
-0.000000000000000000e+00
0.000000000000000000e+00
0.000000000000000000e+00
-0.000000000000000000e+00
0.000000000000000000e+00
-0.000000000000000000e+00
-0.000000000000000000e+00
0.000000000000000000e+00
-0.000000000000000000e+00
-0.000000000000000000e+00
-0.000000000000000000e+00
0.000000000000000000e+00
0.000000000000000000e+00
-0.000000000000000000e+00
0.000000000000000000e+00
2.323046278159960343e-01
-0.000000000000000000e+00
0.000000000000000000e+00
0.000000000000000000e+00
-0.000000000000000000e+00
-0.000000000000000000e+00
0.000000000000000000e+00
2.399836827627970515e-01
-2.223068328490835632e-01
0.000000000000000000e+00
6.323585160274061145e-01
-0.000000000000000000e+00
-0.000000000000000000e+00
0.000000000000000000e+00
4.213345154841592333e-01
0.000000000000000000e+00
-1.561453781024501469e-02
-0.000000000000000000e+00
0.000000000000000000e+00
-0.000000000000000000e+00
-0.000000000000000000e+00
-0.000000000000000000e+00
-0.000000000000000000e+00
-0.000000000000000000e+00
-4.281027573127824809e-02
0.000000000000000000e+00
0.000000000000000000e+00
0.000000000000000000e+00
-1.470790127082830523e-01
-0.000000000000000000e+00
0.000000000000000000e+00
-0.000000000000000000e+00
0.000000000000000000e+00
-0.000000000000000000e+00
0.000000000000000000e+00
-0.000000000000000000e+00
0.000000000000000000e+00
-7.307852167122599885e-02
0.000000000000000000e+00
0.000000000000000000e+00
0.000000000000000000e+00
-5.606364065875347330e-02
-0.000000000000000000e+00
-0.000000000000000000e+00
-5.709436583607757631e-01
-0.000000000000000000e+00
4.060164623822326568e-01
-0.000000000000000000e+00
-0.000000000000000000e+00
-0.000000000000000000e+00
-8.222086947475284457e-01
0.000000000000000000e+00
-5.299865470527590494e-01
0.000000000000000000e+00
-0.000000000000000000e+00
-0.000000000000000000e+00
-0.000000000000000000e+00
0.000000000000000000e+00
