1.528090917464424159e-01
-3.250845881528996451e-02
1.503505614110840494e-01
-1.882706786739267724e-01
7.170092625598791791e-01
-8.858282934544281506e-01
-8.313892714598538625e-01
1.810913144568939703e-01
-7.471855483968634637e-01
9.506999026498847982e-01
-6.188190856396325046e-01
8.443061005912344541e-01
3.685699269926228094e-01
5.601046428386404763e-01
-8.138687586826260922e-01
9.562586965160768671e-03
-5.744855276234157593e-01
1.688197654064451658e-01
-2.948382819668138310e-02
-9.981530634542010727e-01
-3.105299072326159759e-01
1.942234093978756349e-03
4.371018706157692169e-01
-6.232527007988357681e-01
-2.683059330060657555e-01
-8.919714686231694500e-02
1.907028873670808533e-01
-2.093847678907201360e-01
-2.402837216453115321e-01
-8.354728143940930440e-01
5.130133436421380200e-01
9.978628712220380947e-01
-4.219953968458276528e-01
8.222972436514104366e-01
6.057431657634131383e-01
4.541132174738324867e-01
-1.394700570130789075e-01
-1.264401625282109976e-01
-4.419007734352096151e-01
-9.425624964965038100e-01
-9.954761006724512917e-01
9.569284876991741573e-01
-6.163607698811357505e-01
6.045350269278921829e-01
6.152418609176446562e-01
-5.562553915648928982e-01
4.170315653357459240e-01
4.319636597820950552e-01
2.127054326435278142e-01
4.806507389443965828e-01
-1.170853948042842596e-01
-7.669307775374301084e-01
8.121133679143746065e-01
6.152198851588375206e-02
-9.909486097193511700e-01
3.560811217043153842e-01
-1.760972982961195310e-01
4.151713862841939218e-01
-2.439083160311850129e-01
9.986321376802884675e-01
-6.558868191685760518e-01
1.382924937613021488e-01
2.263937445422303796e-03
-3.279526590552088727e-01
-9.292640299895011946e-01
-3.863909698451826191e-01
3.191253731872312205e-01
9.605526673766315859e-01
5.638186635653079648e-01
7.211080260523756724e-01
7.066077782896607040e-01
-9.821757665656027925e-01
1.149003168777307238e-01
9.083652603462004649e-01
-4.951652388392939752e-01
-8.819599925913566008e-01
-2.090497512136657576e-02
2.072543276826630532e-01
-5.435654149200697116e-01
-4.838016964617462001e-01
9.353645549131763826e-01
9.751700798327895825e-01
4.199658712569236396e-01
6.972676503596986208e-01
-4.238626638977798233e-01
-5.163864131106961075e-01
-1.686091813996635214e-01
4.376483912593929215e-01
6.660134296389716990e-01
-3.103366548345118936e-01
6.553998565443319713e-02
7.505120167740697568e-01
2.481437278561227089e-01
3.033396263388965508e-02
-8.737539180469864331e-01
7.784425369141143580e-01
-5.684782366188212421e-01
2.013116500233735895e-01
-6.030258246414232914e-02
4.905616347355592488e-01
6.111660925462387706e-01
-5.470213546273103855e-01
1.708468708622947752e-01
-3.953216792979874494e-01
5.443389153862645546e-01
-3.781408796200163014e-01
-1.695238451617777642e-01
-2.310671687988345990e-01
4.686430045469340833e-01
-7.509351128434313960e-01
3.671335546827634300e-01
8.666503551410780215e-01
-2.465141126778662706e-01
-7.661463319546293338e-01
8.816925677114180182e-01
3.410005463184431207e-01
-5.168074087620466717e-01
9.610839217868301088e-01
-1.580725494588879343e-01
9.106727406448102968e-01
9.989378556571379963e-01
-6.585218663310865583e-01
-7.025632899953271338e-01
6.411870613170349564e-01
-5.613109421380695352e-01
8.794155505502916359e-01
-2.609800283399132947e-01
8.711046329182028369e-01
-7.751185027903217950e-01
9.565601288791309997e-01
-8.059946837189695401e-01
2.310890623828176782e-01
-8.759819197839986415e-01
4.197947371834449548e-01
-1.065326126580257160e-01
-3.111515742889077174e-01
-4.509275052356553903e-01
6.465218485813712945e-01
7.979313700927286312e-01
1.831516350203443722e-01
2.188834373457166915e-01
2.151741435096747868e-01
5.377283195367779101e-01
1.077729162172151867e-01
4.256169175517692249e-01
-4.608454406416204741e-01
-1.224017800536691958e-01
-1.357360388240214100e-01
-5.354668648481020199e-02
2.311545181575462848e-01
-8.809056138765909427e-01
3.919211529429773577e-01
-7.239585678188473761e-01
3.998798663511804463e-02
5.943935128669473045e-01
-3.474517577661373480e-01
4.320129271312100894e-01
-9.734926834943276042e-01
-1.881966003143551447e-01
-4.185999614481605846e-02
9.306714925780865677e-01
-1.951327700213008054e-01
-6.732917737495971444e-01
-9.469855267581370750e-01
4.260532912749288581e-01
1.350504401228902474e-01
-7.874371516533671400e-01
1.244508107564226140e-01
7.157594643769933374e-01
-2.948961468803399377e-01
-3.975449771170926905e-01
7.618548669633518067e-01
-9.015568893179788379e-01
-9.497230039714845695e-01
3.257012430704750994e-01
1.559189779413365784e-01
4.008839549471654440e-01
-3.870231934300665255e-01
-6.134659987190711483e-01
-3.705179333061010549e-01
-1.741447335185359879e-01
1.822328009603320087e-01
-3.024128185065004804e-01
5.110799635055123247e-01
2.412116337747107764e-01
7.516596568167701609e-01
-5.598081406618142797e-01
1.208235652014379991e-01
5.344505004901387579e-01
2.683386883218650265e-01
-7.315788259108562119e-01
8.885279572255369018e-01
-9.890696150496964822e-01
5.390770918125491473e-01
-2.642544428138406953e-01
3.585474600086162589e-01
-1.221752103019486668e-01
5.180908827113595017e-02
2.637412286514546622e-01
-4.097175993355866019e-01
-9.251872602783965949e-01
4.803059441527635087e-01
-4.790505693027586887e-01
4.240945888384899387e-01
-3.671886771662287163e-01
-1.214323848583478416e-01
-4.259968307799990583e-01
-8.529343070983521624e-01
-1.786948644608881143e-01
2.762991239198111515e-01
5.763977117858634092e-01
-3.315319154340652386e-01
5.921763889014077797e-01
4.348122736482307182e-01
3.543158468557794372e-01
-7.546888593306588788e-01
9.418274264510784199e-02
7.627126856379997655e-01
8.985444821103241164e-01
-8.485361882922568544e-01
-9.836580609658711616e-01
5.911190599016034053e-01
-8.037996831385667562e-01
7.823626793224940368e-01
-4.466981559278737635e-01
-4.682155518392130400e-01
-6.457202955980390069e-01
-3.016556285879870014e-01
-5.685272184087546421e-01
-3.212834240411404085e-01
-4.205304323986249759e-01
-3.352912435849002559e-01
8.627671641176495321e-01
-1.079889598037488962e-01
-1.548331033943508572e-01
3.246687158989010058e-01
-5.436580542367885904e-02
-2.213073580850162259e-01
2.266283585302453218e-02
1.291039492417527246e-01
-7.351298479217205362e-02
9.200590391101026722e-01
-2.619695971187696593e-01
2.960002704196411649e-01
3.783423496707105649e-02
-1.080992888435641230e-01
1.015847084025180980e-01
-5.853744816425097142e-01
-8.941806285242348551e-01
-2.144717260364481515e-01
-5.302920228133656266e-02
-3.332673060376567520e-02
-1.018106933225619848e-01
-8.537881404077061198e-01
-4.169102226425018820e-01
3.344915267875918641e-01
-3.961467381694607770e-01
-1.094934779185638973e-01
8.279869549864584677e-01
-2.828626389543624775e-01
-2.942028764651889450e-01
-3.429252317517748061e-01
9.693136101639379110e-01
-3.275395044987921001e-01
1.332534498294879466e-01
