-7.550554734964973758e-01
5.219761456729659077e-01
4.692207620223620701e-01
-6.957140855391377166e-01
1.340154544354121846e-02
-9.294121351813955378e-02
-5.923111247005665714e-01
6.247491131641675910e-01
-9.322079243915064595e-01
-7.294456900003092326e-01
9.469843296580680025e-01
-5.735480484766100062e-01
1.670589888067914863e-01
-4.561696872526301849e-01
2.540953202055780125e-01
-3.936095568123332278e-02
9.923991226717474579e-01
8.170384608505920632e-01
7.413639055978100689e-01
2.437225702026006857e-01
4.828734676911246027e-01
2.039395032569994992e-01
5.626785741605659918e-01
-5.091606788776217307e-01
8.895726428670542862e-01
4.572892117145099800e-01
2.901072027686324439e-02
4.363586155874659145e-01
4.305510205234552856e-01
7.124291730241052445e-01
9.948436682628543082e-01
8.116136703793719320e-01
2.913973642027034572e-01
8.258413269672180146e-01
7.981323733329224179e-01
-8.926776690279842885e-01
-4.194507118528139067e-01
4.241613798202452656e-01
6.602350579432660904e-01
9.431502537646752060e-01
-8.076798279865171626e-01
-1.278650170364963312e-01
7.536450964213026182e-02
-2.719496422493699050e-01
-4.323376643883436454e-01
-7.745959538626758789e-01
-4.781905048325720831e-01
6.137714306720054580e-03
4.110512920289146610e-01
8.183620794337123083e-01
-3.626473770578091393e-01
9.877172979304593703e-01
-8.327401335814215155e-01
-9.575319131431128117e-01
4.255442297627460846e-01
9.274315146621017192e-01
6.935480750430331742e-01
-2.886038668493662307e-02
7.103260133336006810e-01
9.774921910011702408e-02
6.020468365033293523e-01
3.098226533549111039e-01
1.937307821097233873e-01
1.161929905449647915e-01
8.037123205018747996e-01
-3.494200240156009052e-02
-2.049341154725254910e-01
-1.866634882171351872e-01
-9.091174386054219347e-01
8.128388080770774238e-01
6.846577944088516610e-02
-8.666360793130778450e-01
-8.855015418939753413e-01
3.612042059432152286e-02
8.866806488500555972e-02
-7.351840944379699483e-01
7.766593436189686006e-01
-2.424626455138878534e-01
-2.223136315491258674e-01
9.188355971225241614e-01
-9.630876522405604767e-01
3.748394887155506172e-01
4.109123031728654230e-01
-1.575736520313624212e-01
3.390897213011156985e-02
5.437472605839785977e-01
7.218712026451767905e-02
7.216141582550328337e-02
7.405114339682004054e-01
-7.501450941077214551e-02
-4.887017433210227857e-01
-3.683829026516116656e-02
-6.122723640149474456e-01
5.445894483160247379e-01
-8.982170546253565035e-02
6.469290129109916965e-01
-5.635835056367684004e-01
-9.476772693105890433e-01
-7.988316747967181275e-01
-2.103284576554358409e-01
4.002451709721501771e-01
9.773629594358177464e-01
1.466492910975203401e-02
4.712636402626624310e-02
2.560873501846487876e-01
-2.903006549098994249e-01
9.445290554057506061e-01
8.246051983125441964e-01
7.641020424433002667e-01
9.125297631201276793e-01
-4.662594328497831064e-01
9.450524145034977508e-01
2.164736475412032402e-01
-8.488338415188518837e-01
6.767141858635763452e-01
9.234350621699538575e-01
-5.726980004868096330e-01
-1.009192325003906987e-01
-5.012410519721632873e-02
-9.588792087251791774e-01
-4.408071066726235721e-01
-1.918951243363489212e-01
-2.332785718291645605e-01
-3.960745803791281272e-01
-3.079315326669529451e-01
9.699560011862462527e-01
4.934111741193432099e-01
-4.828016320025090291e-01
2.917989511297780503e-02
-4.112577204343592641e-01
-3.831011697107555847e-02
4.842790063306192661e-01
8.980266279677682206e-01
7.323085103143267549e-01
-2.063769764517870975e-01
-8.347956647497682958e-01
9.399745486122794702e-01
6.730772180291166862e-01
-3.335593798974869628e-01
7.047045499214785735e-01
-7.675953567751414575e-02
1.817210240620035222e-01
-1.468156573194412395e-02
-4.960029984693388183e-01
1.644891343421901464e-01
3.975861863637448756e-01
2.005294862745929940e-01
-4.507896278217460306e-03
-3.700418881610125776e-01
3.734278946429354651e-01
-8.203334452815906896e-01
4.174772855651265324e-01
5.290704631153788640e-01
-4.465852100872487185e-01
1.434517216937711837e-01
3.544228178556356745e-01
8.821026970326166783e-01
9.926791939860917235e-01
1.107291033669610680e-01
4.711499175517455118e-01
6.381016810056405753e-02
-3.586815669203811119e-01
5.713936677324116253e-01
6.189317231845143930e-01
7.246626213265261462e-01
1.431068806314312880e-01
-9.816131568938688545e-01
-8.583742444566373475e-01
-2.169387860247222743e-01
-2.029759872191605474e-02
4.931383884579423338e-01
9.676284831905961337e-01
-1.196190233823717364e-01
-7.554673938757179297e-01
5.817845264410126394e-01
2.280856742392800562e-02
-2.655777230419322787e-01
-7.526807014181000621e-01
-5.539786435143394527e-01
-2.774748000292883710e-01
3.423666556132223260e-01
-2.564706021066458508e-01
-2.800395149498149383e-01
4.074965655436673106e-01
-3.843067723518869272e-01
-5.316580944608997328e-01
-7.969776631226195285e-01
8.008847864828227969e-01
-4.176218453720559332e-02
8.124189771967293971e-02
3.963063381812981234e-01
-9.733953904117509381e-01
-2.765817447714988830e-01
4.047103582023257040e-01
-4.881365264759438549e-01
-2.525291269293441498e-01
-7.116408206750377552e-01
-1.241157378140023138e-01
-9.490555972034859789e-01
5.118839656610139066e-01
-9.049172362726269903e-01
-3.421734303845818115e-01
1.375294602207928207e-01
2.882450604125526006e-01
6.299747900062626638e-01
5.371642534703913174e-01
1.490567402951445963e-01
6.041686937069152830e-01
-9.893520864765685818e-01
-7.712978993270727113e-01
9.519529196606795196e-01
1.410524076933046267e-01
9.984948764965286827e-01
-2.248106561085370103e-01
-6.549266056728237917e-01
4.753604790875425312e-01
-1.049900606694138538e-01
7.448547923144794858e-01
-8.279633405665562940e-01
-2.384418551896738681e-01
-4.435091752128794695e-01
-7.822302350868286513e-01
-8.247171661488872374e-02
-4.103021187018596194e-01
-4.473608233632653253e-01
-9.770711026040266312e-01
7.742366581364807931e-01
6.352841505890753915e-01
1.359376646287144830e-01
-3.142251431851064147e-01
-6.641537141798181665e-02
-2.499471983093901617e-01
7.477535116505353852e-01
8.065325831909766485e-01
-9.849108669743551481e-01
7.522533175666439309e-01
9.177497664637310759e-01
8.831555123794152529e-01
-6.811714325722446617e-01
2.171140081193718707e-01
-3.718356569683791690e-01
4.239749890232653584e-01
5.918300279803918595e-01
5.182736899815918452e-01
2.073628326254226550e-01
-6.763588533841291550e-02
-4.007591094250673169e-01
4.414643598178604744e-01
3.951465868151300409e-01
-7.099806336867975354e-02
-9.703534484276119532e-01
-7.247921705787729874e-01
-8.305346078025972467e-01
6.800076708600186759e-01
4.564910918883775537e-01
3.939762290152870605e-02
1.925327473796674127e-01
-5.069920158981755520e-02
8.540814378627332726e-01
9.183574366052649207e-01
5.158152523663976918e-01
1.202939020840154694e-01
4.459305282697498818e-01
1.002284800833885825e-01
-3.306220318817409964e-01
