2.490477017042200814e-01
4.634919506565480241e-01
-6.345242744243539956e-01
-1.544156983722773102e-01
5.574484546264280027e-01
5.726627475139267620e-01
6.553707743205343661e-01
3.800573859145173206e-01
-4.476242946425781355e-01
-2.247220673983043593e-01
2.480585533188766068e-01
2.813718772677942237e-01
-1.413041556718961367e-01
-7.111353444844685789e-01
5.129781672617657051e-01
-8.481224642162952243e-01
7.581029517788475669e-01
1.692038525308803276e-01
3.810261105016969907e-01
-7.976592317824757750e-01
6.035328163883679764e-01
3.190540166954753953e-01
-5.664464430422677665e-02
3.191057723113994715e-01
-8.524634238872026426e-01
3.808425945123592449e-01
-6.149187609391115750e-01
5.126503941029079137e-01
-9.048162083987405513e-01
-5.256244567058567796e-01
-9.225504963972659400e-01
7.713577487225542484e-02
-5.875516825697071344e-01
5.670874858710484023e-01
8.082376919583382779e-01
-7.567229065921259323e-01
2.640555397243986580e-01
-4.428104602895879260e-01
7.341213951573561936e-01
-6.143498996064467033e-01
2.287513128949287822e-01
1.758364867165238543e-01
5.863254602122214276e-01
5.284075686140972117e-01
-4.929954174395356770e-01
-2.589864793524716546e-01
-1.366008368185480659e-01
8.021948250692247928e-01
8.260733216682234481e-01
2.021446002552536036e-01
-9.029994914725698596e-01
-6.628619672246436334e-01
4.459605227876002331e-01
-5.723631445415049424e-01
2.699100594942147602e-01
8.538234210491295606e-01
-3.664769448489901826e-02
8.266810275955431830e-01
5.109671487409284119e-02
-2.400200259492724086e-01
6.244277011798731181e-01
-9.336998380321004376e-02
1.457798519505089097e-01
6.677874278104325434e-01
1.746768625612549197e-01
-7.151182224706085222e-01
-3.140454188468335683e-01
-3.974313261134831965e-01
-5.928518192717262547e-01
-4.952172776427608003e-01
-6.158187050047794209e-01
-7.081145057737054938e-01
9.412358566193868015e-01
-8.832575128151538557e-01
7.607848090245763473e-01
3.725878194221519113e-01
-6.124135903604506215e-01
8.155413185118420838e-01
-1.029550963452918744e-02
-2.220116066573916136e-01
4.995841123784379167e-01
-8.017219866519660343e-01
9.849773301498385703e-01
-4.432976437713851414e-01
7.821830314356696956e-01
-8.846127272144852505e-01
5.485310983713644895e-01
3.755805897488979639e-01
-5.650942712486175523e-01
5.636908169607857122e-01
-3.584576831587462653e-01
-2.582915914372243549e-01
-8.765999846007761498e-01
1.525848736067163536e-01
1.577495165694653423e-02
-4.340344646025653397e-01
5.255592291278534667e-01
9.904870894811823590e-01
-6.370227782154704865e-01
-1.158167087332369061e-01
9.356938365347085007e-01
6.550355136115062482e-01
-9.994225211413030330e-01
-6.794695143538564963e-01
5.897310500117229903e-01
7.536005769141098654e-01
3.203867082813658396e-01
5.847674251606578277e-01
1.709541384152344357e-01
-1.851917643322151807e-01
-7.197173212237784057e-03
-6.795615543387731883e-01
9.276812991295186883e-01
-4.685029536025828723e-01
-6.755191936195257263e-01
-6.755461157433026997e-01
3.236945499010648319e-01
-9.531858439273779293e-01
5.779540576308090927e-01
-1.737424714877544574e-01
4.377963993172222512e-01
-6.185837802359686055e-01
-8.067114176508094481e-01
-9.560720931355293217e-02
5.423444819250977655e-01
6.490919483098531728e-01
2.697498891388898645e-01
-6.948447495372032101e-01
-8.494525058305664178e-01
6.700499805601221048e-01
-6.384870671686515564e-02
2.925052785034132352e-01
7.840290832816840805e-01
-9.204253901021062223e-01
3.245414577558511926e-01
8.757799906662657730e-01
6.740643814458300298e-01
3.278312205636360055e-01
-2.845227633516307364e-01
-8.053131988932611396e-01
-6.472646710768612532e-01
-5.508601008420854761e-02
-5.580911452762726821e-01
-6.471348630622419940e-01
1.035481035758958335e-01
-5.147378355539744543e-01
6.988536446072473041e-01
-4.658624140095632971e-01
4.688926022647810221e-02
-2.625131410999368420e-01
-7.003136324362086995e-01
-3.538777089578117874e-01
-7.588264876584165375e-01
-7.931568790806187152e-01
-6.442441579957907116e-01
-2.245446550453811252e-01
-8.087962410794973245e-01
6.079406406898579807e-01
-4.665663728481168615e-01
-6.360069132006382908e-01
-4.487419667391274736e-01
-1.886179961251650550e-01
-3.787580466114288669e-01
3.111372508388017266e-01
-8.166553637552276257e-01
8.173564581910142124e-02
6.850273757904392635e-01
9.569302495310170187e-01
-8.295507883522654780e-01
1.033847897074400279e-01
6.921902759103639724e-01
4.409628445330402435e-01
-2.593711297260847815e-01
3.328502585609878217e-01
8.277069854915466429e-01
-4.486109500927883964e-01
-1.633089691577400693e-01
7.113171636036796919e-02
-1.771633336385205482e-01
-6.204402586666950548e-01
-7.607261357940058311e-01
5.417933212755305927e-01
-5.969379751270487144e-01
1.392226430069460896e-01
-1.498585850339244629e-01
3.301772728191492146e-01
9.609645775769015685e-01
3.009034292097458874e-01
-9.385667883493742369e-01
2.624600648047059614e-01
-9.411978129061326914e-01
-7.675972337401177903e-01
7.507636874911975955e-01
-7.036957571928947885e-01
2.678495739141932841e-01
-1.302525692920633027e-01
5.677615279585082053e-01
-1.413920657499569966e-01
-3.514996381014252602e-01
-1.315750033505134198e-01
-3.180921139130086228e-01
6.363586575933184442e-01
3.134895135774715680e-01
6.242921129881910947e-01
-1.503544395085147922e-01
-7.706331483995052523e-01
3.303414548863929934e-01
7.710159517649350924e-01
2.271531782810740641e-01
3.391130239817257142e-01
7.873766325540727529e-01
-4.586818274730086742e-02
8.134378961862573920e-01
7.872876758301110556e-01
5.498251009978896153e-01
-9.745193995438514722e-01
6.904997996021573492e-01
7.467643337130245307e-01
7.149745069738620007e-01
-5.288481400589304382e-01
1.494848701749957876e-01
-6.414985727102742175e-01
2.957490667791808914e-01
-8.622213357419175050e-01
5.879239140637952943e-01
1.462041020384230450e-01
-4.783358645189528247e-02
3.408705965044960262e-01
2.099311906694685259e-01
2.864714496023954560e-01
-4.000738677188333536e-01
9.530867765850672413e-01
-7.854277266843159300e-01
-1.038669095971656020e-02
-4.011792369696762783e-01
-9.487344928284560108e-01
-7.799746493102477363e-01
3.041112487736041814e-02
-8.801511242274464575e-01
9.236969004510264813e-01
-7.486548566037836139e-01
8.585367875661606973e-01
5.153792746507952494e-01
2.276563878247437334e-01
-5.193685969682628745e-01
-6.425758479331733497e-02
4.914835624408033787e-01
-8.440714235020632117e-01
4.507436281862531313e-01
6.580641399014390824e-01
-2.856681634293423144e-02
-9.771128010662890606e-01
9.081470787417351698e-01
3.902519774412904763e-01
9.969218986244681169e-01
5.975939573415158801e-01
9.629980449002415455e-01
6.594729507267631519e-01
-3.938561301594967201e-01
3.074795214270826804e-01
-8.817701352934215198e-01
8.153823314028829650e-02
-3.537826722992454265e-02
1.680944531142745113e-01
-2.431554663391428672e-01
