-6.339157536863726516e-01
-1.810214053435882930e-01
-2.993244311396483504e-01
6.244761858704434704e-02
1.860976498098563777e-03
-4.215328916938183013e-01
-5.774552939844439514e-01
-9.431731888586025736e-02
3.322556056234002297e-01
6.651194670755370408e-01
-4.708048271703704074e-02
3.097389225588079165e-01
-1.332581102233630910e-01
-1.480354007173327602e-01
-1.331004839447305910e-01
1.401051178141730080e-01
-9.028818346568064090e-02
-7.684833187601126936e-02
-1.652553035149105787e-01
3.736548414107297988e-01
-5.710092401839576837e-02
5.379162402164294754e-01
6.598503120668066657e-01
1.570365387735735418e-01
-3.693836582252897627e-02
8.253186186524509582e-02
8.398264589911837164e-02
-4.040855122596974103e-01
-8.928641784694699712e-01
-6.246609467134338622e-01
-5.357493834193757798e-02
-5.531158017963146989e-01
1.152934488646765454e-01
-1.696004373724798453e-01
-6.352172376424948252e-01
1.678947784684013678e-01
-1.767603569496283833e-01
-3.709208347186980781e-01
-4.137797841350752126e-01
-1.199981775050337485e-01
-7.313142819274679463e-01
5.097336354588467566e-01
-4.055902730537109813e-01
-9.565919612893172830e-02
-1.585855368800456466e-01
-5.584906650184318089e-01
2.371933994536800927e-01
2.357300615265660870e-01
1.146940445567009581e-01
-4.947894447159009168e-01
-6.708362399964636902e-01
-4.220618756546506978e-01
2.090808717862876476e-01
1.610072831260715431e-01
-1.226407016281454293e-01
-1.035063579709418341e-01
-5.911125041622120602e-01
6.461054730577310383e-03
-2.892163734254413754e-01
4.139152934953001517e-01
-2.290612338906361511e-01
-1.171447046662249802e-01
7.733978363826206071e-01
-1.003234256229134091e-01
2.480625960493224313e-01
4.679482122134969724e-01
-3.367820350027699861e-01
9.421339218461086129e-02
2.316366709660692136e-01
-1.755959528207264586e-01
-3.169039837689173744e-01
-1.625732294158392377e-01
2.624238898356300864e-01
1.828999706658509528e-01
-6.504558751090604440e-01
-1.290109050628104048e-01
2.664455349122717420e-01
-1.487843790679692635e-01
4.509757335623852947e-01
-3.246121782740873374e-01
8.570368363861071703e-01
-7.181420150457698548e-02
4.922174705109028103e-01
-3.290528728245135093e-01
-4.034314230592358497e-01
-4.622779191761488549e-01
3.369663686747622067e-01
2.370407285683996390e-01
4.357171806976626871e-01
4.206300204393423892e-01
1.212711283305503429e-01
-1.102339081247330072e-01
7.392097200291556369e-01
-5.702460216830467221e-01
-3.145444515697533028e-01
-5.065191712800852786e-01
-3.230834046405818283e-01
5.228438508601504497e-02
-3.209741439089721649e-01
-1.479249438708154230e-01
-7.770250066571773861e-02
-9.696590102906797737e-02
1.480268777057890950e-01
5.212555020584223042e-01
-2.166455602436854755e-01
-7.153439129502195404e-02
-2.455468880453535174e-01
5.755623053681564461e-01
6.018370324608479649e-01
-6.992897743840332803e-01
-4.042003086245866683e-01
-6.373368873736934281e-01
4.185962159749104239e-02
7.308997267670788722e-02
4.579217550287233984e-01
-3.148543532270113299e-01
3.559317842117584729e-02
-1.633369215833887778e-01
5.032865771497077034e-01
-7.551805988055912966e-01
1.666328008479461276e-01
-4.058078504097621386e-01
4.109752366319247008e-01
-1.375534378505305633e-01
1.144497781539597359e-01
-5.894871380237683145e-02
-3.535472580326024516e-01
2.958409100662643398e-01
-2.833480572789090490e-01
-1.572195223962811195e-01
-1.162903740532212210e-01
-4.270797832775395375e-01
-3.359592029661512824e-01
1.274575461851970570e-01
-2.692199275606133035e-02
3.686701274474077361e-01
-3.478515012452974009e-01
5.117936947936621017e-01
2.803726805409799128e-01
3.304083605711674032e-01
3.653199209155260641e-01
5.239729035551702330e-01
3.613953967239159071e-01
3.749064098485668101e-02
-1.358318624814112974e-01
-1.981121442764571250e-01
6.816089356619886575e-01
-1.596771893166010203e-01
-6.298517385135042890e-01
3.905513824419246799e-02
2.371028303715942698e-01
-5.167431174978720509e-01
-6.148934175558720683e-02
-6.913498593169975504e-01
7.920512969694212813e-02
2.019213517007695802e-01
2.499241337120412798e-01
-4.947966499914918659e-01
-4.259453255872656247e-03
-1.454260573363425069e-01
-2.174380936678255716e-01
-8.175269176727253395e-01
-3.245192694164796832e-01
-5.116882484101511475e-01
-2.038642763591461682e-01
3.988534430188088176e-01
-3.834987512627817396e-02
-4.995165320340589910e-01
-1.491537784119401633e-01
3.528572267037774490e-02
2.266546689944661241e-01
-3.071167590102711134e-02
2.972290378371463260e-01
3.442893082014354955e-01
-1.739957100795130329e-01
6.325392237827834885e-01
-2.302816218633319811e-01
2.640543994738704936e-01
-7.240246758626922227e-03
-1.368801839477112869e-01
2.849229171989646134e-02
5.784407712058736717e-01
2.418466383185203794e-01
5.618983572595823706e-01
-1.091993067121787842e-01
3.216473469019264231e-01
-4.000418230471179948e-01
-6.099425160017624137e-01
-1.166118238364195758e-01
-4.405940042783239030e-01
-7.481008991988247203e-01
-2.756114975203142192e-01
-1.241762426069107361e-01
4.151620852077348572e-02
-4.340380664730351251e-02
5.137059022852319412e-01
3.433272996788012121e-01
5.943976288765991101e-02
-1.563026057106229050e-01
-7.888780468277287738e-01
4.607117738343809998e-01
9.834582062962389515e-02
-2.391873085244975577e-02
7.199205920532544267e-01
1.170880705673899014e-02
4.498482727288392047e-01
6.514878559456651619e-01
-3.943025797885651995e-02
1.000203732054237571e-01
-5.168704160859328711e-01
-6.345066531469005788e-01
-2.036517379357284940e-01
-6.767179938640327519e-01
4.227227356083630705e-02
-2.210041186491725484e-01
2.561635260247399626e-01
-6.712983991211667334e-01
5.157436097134580066e-01
5.281720931937188279e-01
-4.888714014759942272e-01
-2.775711270628050675e-01
-5.725475678784563982e-01
-1.346632865167754212e-01
-1.353317570051556507e-01
-3.349112589451584965e-01
-6.607798045967560041e-01
3.125675976718005344e-01
3.818878429606694103e-01
-2.800892422575577134e-01
1.198340321447133733e-01
2.263277849110784945e-01
1.483773703399386690e-01
-2.479949410424436285e-01
2.314617827210701528e-01
6.114248237213251169e-01
-6.983145997243810355e-01
6.926058476729818336e-02
5.909427281089089101e-01
-9.827734937797755199e-02
7.664079900451241656e-01
-4.727531590759586066e-01
4.193608932730573113e-01
5.511146220727722866e-01
-9.433369410851465131e-02
-4.826295653121588924e-01
2.200743184136442765e-01
4.248071927245539170e-01
-1.668269461919680979e-02
2.278238157803944286e-01
4.949858845912025740e-01
-6.231160204451449136e-01
-5.573856091042990180e-01
5.337970813694883354e-01
2.676360451759944581e-02
-1.512370533344841415e-02
4.010671715658950531e-02
-6.048367471280023944e-01
-6.133517823497881827e-02
4.641748417468177790e-01
7.191465871782121155e-01
-6.546918649150660352e-01
-2.130319798264579956e-01
-8.232657308285825648e-01
-2.958945805011349295e-01
5.608053227488031256e-01
