1.741503970675533086e-01
4.149783286877379851e-01
5.964750941973506748e-02
1.269418997549538464e-01
3.390557363301072158e-01
-6.174536647795525468e-01
4.988042871252793553e-01
-2.320748728751853562e-01
-7.885878570009206001e-01
7.300334188895494236e-01
8.477856313704117408e-01
8.392994951592755992e-01
4.782396741556391717e-01
-6.308673803702984362e-01
-6.599797945012584321e-01
-9.437580191023997589e-01
4.450121495024343954e-01
7.833245701762470148e-03
-5.709962426788273149e-02
4.207601994770002740e-01
-8.971319824665435760e-01
6.533701204411832553e-01
9.113812058704895414e-02
9.440818090243754401e-01
5.396747229517457889e-01
-9.242903490153053792e-01
-2.397002106964141177e-03
9.681970817810250374e-01
9.180697059101390334e-01
-3.025762993316496452e-01
-6.498764756207895399e-01
-9.277125993603529963e-02
6.956590085286773473e-01
1.309492857236205232e-02
-1.653485759762292062e-01
9.500992436361102023e-01
-3.362998748154710782e-02
2.302907975022068232e-01
4.182422750751646490e-03
-6.466689649787902283e-01
1.325122077353542149e-01
-7.218962771494497055e-01
-7.788653772879232662e-01
2.520391766614686890e-01
-4.795676521072935738e-01
4.264222769123904300e-01
-8.013287468600498453e-01
8.845737141257574709e-01
6.515411475081795967e-01
-4.129078730009603238e-01
-8.060415196580210662e-01
3.401567807376302266e-01
5.063935272838568924e-01
5.125302484831895100e-02
-3.308044946175598966e-01
6.952107566924565774e-01
9.338272898549724310e-01
4.815217839280643286e-01
-3.089758046380286505e-01
-9.432042153912549853e-01
7.959248288287266160e-01
9.052434513933977911e-01
-5.966882036265923617e-01
-6.391661683565967866e-01
6.996874346531718469e-01
4.789200067002938876e-01
-2.340454720006048817e-01
-6.694713476932958596e-01
2.632553367717358483e-01
-9.317101856250342706e-01
-7.096960718292355530e-01
-5.816755190119518026e-01
-1.948866773935109542e-02
7.009317232268716946e-01
-9.049283652116322241e-01
5.011967120916736018e-01
-9.142665098697480008e-01
6.924562226008115218e-01
-6.392258113636879457e-01
6.826699971931990962e-01
3.596655102662773551e-01
2.961586056471254835e-01
-6.461389647195225905e-01
-9.731811653299331510e-01
1.383761051342939918e-01
2.624123580410697709e-01
2.911741742642606212e-01
6.427465025166272383e-01
1.228336367026103826e-01
-2.750678672661808211e-01
1.455668896038435633e-01
1.821443465397176720e-01
2.546190979085731776e-01
-3.341132161661739541e-01
2.021940437710203486e-01
-5.434219131048496632e-01
5.128765330833895408e-01
6.652700168545992998e-01
4.966915916686431842e-01
8.790374323924490252e-01
7.657503880808289587e-01
-7.092742286916478012e-01
8.398548955867222165e-01
-9.892224177644473038e-01
8.888618945337281030e-01
-1.291895765429273979e-02
-4.635377914002274391e-01
1.981931320254037843e-04
-6.477787308570834846e-01
4.127772244520235834e-01
-9.316496652608050599e-01
-7.094681144541874485e-01
-8.532108462487613121e-01
-3.875141591799060592e-01
4.679677837151461350e-01
1.734842929189093219e-01
6.345045025162729946e-01
-9.441956130899671340e-01
-1.376337823007161010e-01
-6.114603122243833511e-01
5.701881819583687339e-01
9.245452187769145347e-01
2.647933034828566790e-01
6.574656739447468645e-01
6.097201576055413241e-01
5.295276743807963982e-02
-2.125398695697893192e-01
4.324241384734150984e-02
-9.563908254310646839e-01
-7.349525522900661745e-01
-6.523407433797896449e-01
-2.327952283549921120e-01
-5.285853695303224242e-01
9.010379118606601789e-01
4.823087240513108664e-01
-3.928123665654734697e-01
-5.039519174702959958e-01
-3.390231774713206025e-01
2.753974918100425828e-01
-2.034758220960086739e-02
5.136091655332717387e-01
6.664535879325028667e-01
-1.012499176407388735e-01
2.208602206304621784e-01
-1.836635195025972944e-01
-7.122764648530344189e-01
8.222368972532398956e-01
9.535263305357022379e-01
-6.995704177616708375e-01
-2.471245553797851713e-02
-4.250000994836571344e-01
-1.306643074572400032e-01
6.550871890238250117e-01
-1.792229093721906530e-01
4.906364826308287075e-01
4.899818293335882480e-01
8.981071601220240730e-01
5.210699179300446460e-01
-6.709807424856537583e-01
-8.616002714538169016e-01
-4.598768703416613590e-01
1.751260037872657271e-01
-2.037615673344679301e-01
4.483827836137741496e-01
9.381979017081076844e-01
-4.251388627961900646e-01
3.700136490797421018e-01
-8.230070641603346449e-01
-9.709705218959197026e-02
1.505157892347002146e-01
6.615386596135108821e-01
4.076099810124176326e-01
-1.346949760667410789e-01
5.506842956435742398e-01
7.799107208306639283e-01
4.024350307169073382e-01
-3.516584187933347039e-01
-7.496022920861644678e-02
-1.152243889806279231e-01
3.320534563425867614e-01
-8.384586695394578015e-01
9.080646017726867747e-01
6.442698883217472527e-01
1.097832485514045331e-01
6.797937582654065558e-01
-8.536168469331637532e-01
-3.775384545014113247e-01
5.183269276193658293e-01
4.884398785451886660e-01
5.596180441001334938e-01
7.035950138999347292e-01
-5.813436781129328601e-01
-8.857610558599089412e-01
-2.943584309189049009e-01
-8.230131596159437901e-01
4.751407519345538510e-01
-7.193565549680958071e-01
2.193874464759015819e-01
-7.812954706833274976e-01
6.454276643595626695e-01
-9.153629788159358682e-01
-5.370573295647893541e-01
-1.313330390371116874e-01
9.283074442105512247e-01
9.126769150830504884e-01
6.346776135470921787e-01
-1.222792225723281501e-01
-4.039397675115656838e-01
9.934415490921855163e-01
-2.321613031887022061e-01
-5.823244237536679968e-01
6.048917949595569166e-01
9.435658641922555212e-01
6.007869399167198310e-01
6.653097539935932669e-01
-6.644269274879510689e-02
-2.638199116811579259e-01
2.094777402164973434e-01
1.971215865931479350e-01
-7.708433046348814877e-01
2.147320389962479315e-01
4.567886673284391463e-01
6.220447328015716870e-01
6.954623134251647354e-01
3.973103221222351600e-01
3.849029609555250087e-01
-1.144251622845127159e-01
6.750173864145285751e-01
-1.658373722283454921e-01
7.244452380604118336e-01
-7.058520500442477807e-01
-5.712809392475612924e-01
-4.914860301792842723e-01
-5.020559581803105687e-01
-9.178797482605220992e-01
-5.880078117039109209e-01
-7.259903403502243613e-02
-9.066115316677318958e-01
-7.469948862629836039e-01
9.149476663148352618e-01
-7.806666500576742163e-01
4.265454117138940404e-01
1.072199103226605388e-01
-5.599158291327948067e-01
-4.263315660003994534e-01
-1.907048971466112075e-01
-4.200861126982116112e-01
8.936327831302193214e-01
3.968261309242764323e-01
-8.722103889926315912e-01
4.357255414073251121e-01
-8.639951274345261112e-01
-3.207700844884904257e-01
8.625705421687517305e-01
1.172418871931992790e-01
9.315451655916295870e-02
-7.740994791020419097e-01
4.087065589623100070e-01
9.894591687385980716e-01
-8.476892923781280675e-01
9.920982414608010558e-01
5.476368868393493017e-01
8.786568116162969400e-01
6.420626269427411881e-01
-4.164770299435527345e-01
