-3.142320292996194087e-01
2.209922866250775553e-02
-3.067581637417345908e-01
5.171296665407066895e-01
1.127593455394999139e-02
-1.814522920985718046e-01
5.632324735986050657e-01
-1.062617857928879195e-01
4.777883948990561125e-01
6.258336500069806574e-01
6.956245856571585673e-01
2.975026510004532554e-01
2.849900366745741209e-01
1.479694708082945065e-01
-5.321864232964020058e-02
-3.883938254379152855e-01
2.107261435592451271e-01
3.107256569384310163e-01
-9.203570308760408714e-02
-2.060816857395708912e-01
-6.027365632263605999e-01
-2.664567416061207061e-01
5.199225993339282592e-01
1.241663120665320447e-01
-2.359499863515629736e-01
2.626954317044229992e-01
5.547491104947687157e-01
6.649935959451845624e-02
-4.939603645454115344e-01
-1.200304127764385137e-01
-3.260016528526221702e-01
5.185271637295360558e-02
1.284606449300873532e-01
2.955764680735739613e-01
-1.043985503577597868e-01
-3.788376173103680800e-01
2.300033132501754229e-01
2.318925154143610182e-02
-1.631132965737993046e-01
-7.113059671231547476e-01
6.078047418141129254e-01
-3.159682999220384536e-01
-4.271984521206769747e-01
-1.291719254536939920e-01
4.217599200834607487e-01
8.339072043140469126e-02
-1.218005872131234790e-01
-4.891243214279344387e-01
-4.261073454047030473e-02
-1.223947796786592213e-01
-2.771776334396210476e-02
4.030524771269073936e-01
-7.960233052885852534e-02
4.083527306424036274e-01
-1.553298230950891923e-01
7.188258755277453227e-02
2.437514959558807759e-01
-2.074070792934589735e-01
1.719792906164359647e-01
-1.635705364324509525e-01
-8.712113681456210013e-02
-5.482523036666413496e-01
7.416725608345274556e-02
-3.242578219251863181e-01
2.406186412072917891e-02
-1.648239837280323083e-01
1.021913317043317976e-01
-1.789910359526417916e-01
4.355482243331614267e-01
-2.994513195737086297e-01
6.874577213265812281e-01
1.130486104393680080e-01
-4.092126963509072901e-01
-2.756248856679784920e-01
2.224780319950198648e-01
-4.517378368866009630e-01
7.840484828975997633e-01
-5.237267308738939864e-01
1.734890540385249369e-01
4.936044387945600076e-01
4.938633985474200627e-01
-5.978238728321987050e-02
3.390083699443257048e-01
1.899974373409347161e-01
3.874197705578964479e-01
6.729791599757670717e-01
-5.789640557750764804e-01
-2.533806807554910279e-01
2.301285147867472569e-01
-4.246231694058291706e-02
5.404167213412524040e-01
2.864366057599641024e-01
-3.085637649924146131e-01
5.767186226298885998e-01
-7.973568534183227141e-02
-6.371100320033249442e-01
1.344174415843343573e-01
4.951011283341091307e-01
3.203887896148354120e-01
-3.831075935894615037e-01
4.627412106351055932e-01
-1.129097463659425593e-01
-1.950969043041180517e-01
-3.467761638243659350e-01
2.580243102548971934e-01
-5.033753146222178509e-01
-2.217986550512830446e-01
-3.450816326480629637e-04
-1.241894885609504291e-02
4.765338071128767394e-01
3.320320513937463636e-02
-7.064751612754597287e-01
-2.137884924378664064e-01
-4.698916791339223346e-03
-6.451089631614718156e-01
-2.152236801671401911e-01
5.944945444604048113e-02
-1.227039947661630742e-01
-3.295438260521777463e-01
-4.993556833209768508e-01
-2.311616509558077626e-01
-2.370912153730138916e-01
-1.773137663696912891e-01
1.305639441250124044e-01
7.437029446359122442e-01
3.010617819402499618e-01
7.517223154576875566e-02
1.182372592022812169e-01
3.359894539538669789e-01
1.052545518113713607e-01
-7.463430857254239881e-02
1.731203236187630612e-01
3.132327561900610791e-01
-3.089005760495381891e-01
3.502898039590706114e-01
3.737475611393393238e-01
-2.004649657698922005e-01
1.336794373330418839e-01
1.195186542911502725e-01
-4.696087422053853433e-01
-3.581841911352475760e-01
-2.354448106771935556e-01
3.004863423820457458e-01
3.812419651473805127e-01
5.767692665721715350e-01
4.036390807392062352e-02
-2.289701425501574628e-01
8.243970161687783071e-02
1.442881631537477616e-01
1.310402589893055678e-02
-1.178912500361317117e-01
2.021815475397204312e-02
-2.598531931424296060e-01
1.432041694621841721e-01
3.440369868235374495e-01
-4.589094534065513153e-01
3.264084083009465842e-01
3.461682939271179538e-02
2.154766090710289461e-01
2.906212829951976273e-01
-1.141589371279133902e-01
3.938576756250614791e-02
8.214491170102270479e-01
-1.117258347941784413e-01
-1.174887759971239426e-01
1.499008454077892238e-01
3.458156085581356454e-01
-1.824323029710899491e-01
1.816515011200920959e-01
1.448514657717592524e-01
6.098547217932470677e-01
7.376076541279052989e-01
-4.666364883072614544e-01
-1.524328792297181545e-01
1.958282772492020984e-01
2.580932746736561700e-01
4.238285913847247288e-01
-4.804099096078868342e-02
1.994884179440789551e-01
-2.508904359120659455e-01
-3.385634552158570676e-01
1.624822178447735133e-01
4.435342769206197522e-01
-1.892918572916915121e-01
2.648567484256788007e-01
3.535797871615717902e-01
-2.553519435895925671e-01
1.858306855606347285e-01
4.165772416025812497e-01
2.485096315877020623e-01
-3.133083970621878822e-01
-3.233432885336235962e-01
-2.498188213775925925e-01
2.051274816343162666e-01
-4.853950866303847755e-01
-5.437879701296412932e-03
2.080060700262944817e-01
-6.820558111377548194e-01
-7.339022544419706584e-01
-2.950473242497012039e-01
-2.698549319676812885e-01
-3.242317072363921637e-01
5.062841649432892055e-01
1.899611448271063541e-01
7.159938710092302039e-02
-6.928238070532719561e-01
-1.854195115783120740e-01
-3.344255183729153424e-01
-2.080203007428776396e-01
3.987774062397043129e-01
-4.640340143517346361e-01
-3.509448281342321119e-01
8.589524598855684256e-02
3.999431318266511992e-01
-2.350006973940407806e-01
7.222215604911534637e-03
8.944435579807559489e-02
-1.450316824121020143e-01
-9.378439620427170276e-02
1.228635227688682080e-01
-2.997122740969854204e-01
2.987272546419577068e-01
-6.694699126450970317e-02
6.032557901762810454e-02
-7.424765336844393326e-01
4.611187291962611789e-01
1.941908980397612228e-01
4.740762625000017327e-01
2.375549386135141494e-01
4.206884927957033060e-01
-2.722462121665246426e-02
-5.023351766453458822e-01
4.108867588847913699e-01
5.352021630525851670e-01
7.823197416080314437e-02
-5.894617375365114320e-01
2.076685749012253945e-01
-2.382279120466551381e-01
2.087656699607579602e-01
3.282271649727515339e-02
1.501073909146310170e-01
1.085044651983906455e-01
2.184999367424616534e-01
1.010404062071321718e-01
4.579865556713813013e-01
6.511952803453568972e-03
-6.268194191873663890e-01
2.193098332879906132e-01
-3.028745053529575126e-01
-3.326832905266020601e-01
-2.698370338736708618e-01
8.792677133950685398e-02
-8.969991213036346278e-02
2.936994990569801178e-01
6.858351927451759034e-01
-1.293341532980755437e-01
-3.186922365202474738e-01
-5.214149965549496057e-01
2.707559738866833210e-01
9.697053527327657851e-02
2.685625746701720273e-01
4.815062855168891764e-02
-2.240027202126210204e-01
-1.113288082375823995e-02
1.136022841251223547e-01
