0.000000000000000000e+00
1.712320752973109095e-01
0.000000000000000000e+00
0.000000000000000000e+00
-5.073819737373741479e-02
0.000000000000000000e+00
-3.547823663669262273e-01
-5.905476917666752090e-02
-1.091751110951641110e-02
-0.000000000000000000e+00
0.000000000000000000e+00
7.066056407933565819e-02
-0.000000000000000000e+00
0.000000000000000000e+00
-0.000000000000000000e+00
-0.000000000000000000e+00
-0.000000000000000000e+00
-1.091424536408925755e-01
-1.134905528750864007e-01
0.000000000000000000e+00
0.000000000000000000e+00
0.000000000000000000e+00
-0.000000000000000000e+00
-0.000000000000000000e+00
0.000000000000000000e+00
-3.541528983401086295e-02
-1.372478199605857152e-01
4.350399211696973772e-02
0.000000000000000000e+00
0.000000000000000000e+00
-0.000000000000000000e+00
0.000000000000000000e+00
-0.000000000000000000e+00
-0.000000000000000000e+00
0.000000000000000000e+00
0.000000000000000000e+00
-0.000000000000000000e+00
-1.690828902332664266e-02
0.000000000000000000e+00
0.000000000000000000e+00
1.607433460819976956e-01
0.000000000000000000e+00
-1.686156760716928660e-01
9.662656514302071786e-02
-0.000000000000000000e+00
0.000000000000000000e+00
-0.000000000000000000e+00
5.144607956879242855e-02
-2.861512744863949353e-01
-0.000000000000000000e+00
0.000000000000000000e+00
-0.000000000000000000e+00
0.000000000000000000e+00
0.000000000000000000e+00
-0.000000000000000000e+00
-0.000000000000000000e+00
4.071847027451237500e-01
-0.000000000000000000e+00
0.000000000000000000e+00
2.814746326436771695e-01
-0.000000000000000000e+00
0.000000000000000000e+00
-6.106707338838664872e-02
-0.000000000000000000e+00
0.000000000000000000e+00
0.000000000000000000e+00
-0.000000000000000000e+00
0.000000000000000000e+00
0.000000000000000000e+00
-0.000000000000000000e+00
-0.000000000000000000e+00
-0.000000000000000000e+00
0.000000000000000000e+00
0.000000000000000000e+00
-0.000000000000000000e+00
0.000000000000000000e+00
-0.000000000000000000e+00
0.000000000000000000e+00
0.000000000000000000e+00
-0.000000000000000000e+00
-0.000000000000000000e+00
5.219536812529356612e-02
-0.000000000000000000e+00
-0.000000000000000000e+00
-4.379731295171101491e-01
1.041381958213294379e-01
-0.000000000000000000e+00
0.000000000000000000e+00
1.218911646365608862e-03
-0.000000000000000000e+00
0.000000000000000000e+00
0.000000000000000000e+00
-2.674414907680694453e-01
1.485007740917785625e-02
-0.000000000000000000e+00
0.000000000000000000e+00
-2.235964689752476253e-01
-0.000000000000000000e+00
-0.000000000000000000e+00
-0.000000000000000000e+00
0.000000000000000000e+00
-0.000000000000000000e+00
-3.158297704418794871e-01
-0.000000000000000000e+00
0.000000000000000000e+00
0.000000000000000000e+00
-0.000000000000000000e+00
0.000000000000000000e+00
-0.000000000000000000e+00
0.000000000000000000e+00
1.837548141764383525e-01
4.848580573257093018e-01
-0.000000000000000000e+00
0.000000000000000000e+00
0.000000000000000000e+00
-0.000000000000000000e+00
1.943097965974861785e-01
0.000000000000000000e+00
0.000000000000000000e+00
0.000000000000000000e+00
0.000000000000000000e+00
-0.000000000000000000e+00
0.000000000000000000e+00
0.000000000000000000e+00
-0.000000000000000000e+00
-0.000000000000000000e+00
-0.000000000000000000e+00
-0.000000000000000000e+00
0.000000000000000000e+00
0.000000000000000000e+00
0.000000000000000000e+00
1.986155865405038190e-01
0.000000000000000000e+00
-1.908496531442162858e-01
0.000000000000000000e+00
-0.000000000000000000e+00
0.000000000000000000e+00
0.000000000000000000e+00
0.000000000000000000e+00
-0.000000000000000000e+00
1.507466866477486789e-01
0.000000000000000000e+00
-0.000000000000000000e+00
0.000000000000000000e+00
0.000000000000000000e+00
-0.000000000000000000e+00
-0.000000000000000000e+00
-0.000000000000000000e+00
0.000000000000000000e+00
0.000000000000000000e+00
4.947854282956847677e-02
0.000000000000000000e+00
0.000000000000000000e+00
0.000000000000000000e+00
-0.000000000000000000e+00
0.000000000000000000e+00
-0.000000000000000000e+00
-0.000000000000000000e+00
-0.000000000000000000e+00
-0.000000000000000000e+00
-0.000000000000000000e+00
0.000000000000000000e+00
0.000000000000000000e+00
4.905089830562702202e-01
-1.788391935335947314e-01
-0.000000000000000000e+00
-0.000000000000000000e+00
-0.000000000000000000e+00
-0.000000000000000000e+00
0.000000000000000000e+00
0.000000000000000000e+00
9.862259326192594766e-02
0.000000000000000000e+00
-0.000000000000000000e+00
0.000000000000000000e+00
3.805004453114518848e-02
-0.000000000000000000e+00
-1.802429933872421730e-01
0.000000000000000000e+00
0.000000000000000000e+00
1.894187880679592539e-01
2.896453660063728619e-01
0.000000000000000000e+00
0.000000000000000000e+00
0.000000000000000000e+00
0.000000000000000000e+00
-7.216888282334475713e-02
-0.000000000000000000e+00
0.000000000000000000e+00
0.000000000000000000e+00
-0.000000000000000000e+00
-0.000000000000000000e+00
0.000000000000000000e+00
0.000000000000000000e+00
-0.000000000000000000e+00
-0.000000000000000000e+00
-0.000000000000000000e+00
0.000000000000000000e+00
-0.000000000000000000e+00
0.000000000000000000e+00
0.000000000000000000e+00
-0.000000000000000000e+00
-0.000000000000000000e+00
-0.000000000000000000e+00
-0.000000000000000000e+00
0.000000000000000000e+00
0.000000000000000000e+00
-9.953693059510951291e-02
4.116294772499250465e-01
-0.000000000000000000e+00
0.000000000000000000e+00
0.000000000000000000e+00
0.000000000000000000e+00
-0.000000000000000000e+00
1.818507619926780505e-01
-0.000000000000000000e+00
-0.000000000000000000e+00
1.150915818335086355e-01
0.000000000000000000e+00
0.000000000000000000e+00
-0.000000000000000000e+00
0.000000000000000000e+00
0.000000000000000000e+00
-0.000000000000000000e+00
-0.000000000000000000e+00
-0.000000000000000000e+00
0.000000000000000000e+00
-2.606593558855865855e-01
0.000000000000000000e+00
3.715674041520847792e-01
-0.000000000000000000e+00
0.000000000000000000e+00
-0.000000000000000000e+00
0.000000000000000000e+00
-0.000000000000000000e+00
0.000000000000000000e+00
0.000000000000000000e+00
0.000000000000000000e+00
0.000000000000000000e+00
-0.000000000000000000e+00
-0.000000000000000000e+00
-2.123380021242858018e-01
6.050534223513798215e-02
0.000000000000000000e+00
-0.000000000000000000e+00
0.000000000000000000e+00
-0.000000000000000000e+00
0.000000000000000000e+00
-0.000000000000000000e+00
-0.000000000000000000e+00
-0.000000000000000000e+00
-0.000000000000000000e+00
-2.459551107231763012e-01
0.000000000000000000e+00
0.000000000000000000e+00
0.000000000000000000e+00
0.000000000000000000e+00
-0.000000000000000000e+00
1.640482724507542553e-02
0.000000000000000000e+00
0.000000000000000000e+00
0.000000000000000000e+00
2.251148653000100697e-01
-0.000000000000000000e+00
-0.000000000000000000e+00
