5.402185719365915073e-01
8.512579731810965278e-01
-5.668439666639395469e-01
8.549708722016857720e-01
5.386489415008883785e-01
2.108831473064813888e-01
4.219876815967000816e-01
6.968383503253907651e-01
-6.573762782765573132e-01
-3.109213098949410448e-01
-7.939221938322622574e-01
8.849078466477597882e-01
-2.783423152399262523e-01
1.958582877223562502e-01
-7.685016449540293948e-02
2.787491136306625705e-01
8.919018655067860735e-01
-7.575552687124742501e-01
-8.412266289194023638e-01
4.192296097395997734e-01
-7.370958494045678489e-01
-9.177839370209575076e-01
2.077199360933890127e-02
-8.870247067204537483e-01
9.652361475951387604e-04
-9.238803930296703992e-01
-6.135143339986082189e-01
-3.563973803856630429e-01
5.201026478288850452e-01
-2.080576703208851796e-01
-8.078249444957221748e-01
-6.188179941764817560e-01
5.558005181585512489e-01
6.647528328755050175e-01
-4.319686845165962019e-01
5.023045428147296931e-01
-6.220257182862414247e-01
-1.833483077805810879e-01
-6.955654813456448871e-01
4.256310176633859577e-01
8.719775845735486808e-01
3.066407426173223261e-01
1.568641270215800354e-01
7.511870319636415605e-01
9.672073309264614949e-01
7.629313453206831852e-03
6.970838141176887159e-01
-7.143962440238906808e-01
1.930645032433284669e-01
-1.940807748639363783e-01
3.169069510091726549e-01
1.522342125254483314e-02
1.932844493444938472e-01
-7.446376858843761770e-01
-9.800419239969879737e-01
8.475451994050298143e-01
9.647690053348569883e-01
-2.904397980578821148e-01
-2.791939074160068035e-01
-9.763244398299313342e-01
6.974866548558926738e-01
1.015865725374536233e-01
-3.733878899909450766e-01
-7.568875912435506503e-01
-3.751014787127424643e-01
-8.511218906695428021e-01
5.862333467479798887e-01
2.427143527232658027e-01
-6.273146535782876398e-01
-5.222702678241351038e-01
5.298052607867744790e-01
-1.953232092508430107e-01
-8.130488044612140808e-01
-4.238084053027741938e-01
9.345465244968416130e-01
7.642328408040397481e-01
2.918889412914844605e-01
8.169067266106546654e-01
-7.903621267226104141e-01
5.887920604712213457e-01
-8.728167382243057215e-01
-5.386463376259009728e-01
-1.546008526472946176e-01
1.769555200872123812e-01
-9.889059406847353628e-01
5.613345152300741603e-01
8.438285112564303247e-02
-6.799900846842590330e-01
3.422077038133644056e-01
-3.748619323167776685e-01
-7.560896595035360157e-01
4.380934090761858801e-01
6.509210651770296341e-01
2.936665905821362887e-01
8.356284336923085476e-01
-6.410822946142635814e-01
1.993494542342140186e-01
1.003995664864367754e-01
-3.966378683075189038e-01
1.828781592423645019e-01
9.730509010725669761e-01
-4.378407499625709409e-01
6.335265103042930779e-01
2.955638622782854608e-01
-4.456455833568644387e-01
2.714824663497992230e-01
9.139049762366453500e-01
3.081339370005702349e-01
4.410063206479564180e-01
-8.746148763519918656e-01
-1.784175970700205838e-01
-1.827469469295639470e-01
-8.499586235623819430e-01
9.100738619213295522e-01
8.080003415864425165e-01
2.067628633513400871e-01
4.944640857091915365e-01
4.955076855048108353e-01
3.583631651363494708e-01
2.902955814079193342e-01
1.636897834699457821e-01
-3.317352734999734487e-02
-7.056367020198619500e-01
-4.529423565365029436e-01
9.564256034733704670e-01
-1.621894944900650337e-01
-3.828830107088132539e-01
9.900035094404713298e-01
-7.480710599560527196e-01
8.073008857849539588e-02
-7.641103238772173345e-01
6.801139007906575884e-02
-7.414457290419784741e-03
2.655770803494847954e-01
-3.000675627672853008e-01
1.333505999625685945e-01
2.431548986420757341e-01
1.081787933800895107e-01
-3.226278823658659256e-01
6.186925054761993614e-01
7.117535839575388490e-01
7.229538053919402074e-01
-7.710083263389337915e-01
9.408181983092951395e-01
5.147950869514152927e-01
4.767065693366223655e-02
-1.264172769490934378e-02
-9.950285899284820879e-01
1.160037696733415835e-01
6.761887805947188745e-01
-5.862864949184363184e-01
2.437140858891813089e-01
-5.819768842624424288e-01
-5.213788036026552053e-01
-6.810937548605042746e-01
-9.254239668126689189e-01
-6.254039465687188937e-01
7.032338793303745117e-01
7.998796665909606585e-01
-6.261314187083555360e-02
-1.361766864282798473e-01
9.178264122992971785e-01
-9.344407481777738944e-02
-7.528314060513299211e-01
6.807378042584908417e-01
-6.851200817873981386e-02
-9.095421830266259278e-01
-4.129490133397828444e-01
3.477491409610362627e-01
8.181968396640020291e-01
2.821588053507670946e-01
-1.363357111636647190e-01
2.424287967448277570e-01
-5.155510242362348894e-01
9.028357252799674715e-01
-7.132229593747727581e-01
8.848973139226634643e-01
7.426267333642706525e-01
-9.181992502058524686e-01
2.047550399226305551e-02
-8.576074814995260365e-01
5.886771759105122737e-01
5.031679380808806723e-01
-6.813056000838944026e-01
9.351616371584561271e-01
6.994615346155201863e-01
7.020937277413252797e-01
-4.800686758366667917e-02
-2.831478113455057066e-01
-9.487174569310734551e-01
6.848842811831363786e-01
-5.929341485286814262e-01
1.032410142634410111e-01
-8.162677363820236565e-01
2.557991099022074444e-01
-9.504157356140545687e-01
3.110309421879662306e-01
-5.853002989279623147e-01
3.661750386999100826e-01
2.597009979899871368e-01
-1.807649066166638896e-02
-9.399785604623027702e-01
-5.078010122175593555e-01
2.600433270126476515e-01
2.368233249484479330e-01
9.265201156782938430e-01
-4.377160509731661264e-01
-9.371745774865991585e-02
5.007944826909278557e-01
5.261780144821428529e-01
4.196937006835896877e-01
-6.870596739795216124e-01
1.395806978780014251e-01
9.823890140817594929e-01
-3.756379505072153790e-01
9.424804590867055243e-01
-8.679605051132379678e-01
-8.071511199694516581e-01
-1.909890358192356530e-01
4.654596892398366048e-01
-3.056002778143638299e-01
-7.356619423653592005e-01
2.185245576983962934e-03
6.453585990920283066e-01
-4.031534166817816178e-01
-6.395061520552971501e-01
-2.408021649206264492e-01
-2.513671147868954403e-01
-3.958566934704701445e-01
-5.835014498239587954e-01
-9.808763394060806551e-01
-4.918305792336399307e-01
-2.691742269883221628e-01
-1.236646399922314288e-01
2.149030390725226169e-02
-2.692719841370938560e-02
-7.807465765335552810e-02
4.302030668201495267e-02
-8.945842968147716956e-01
9.996731591506224923e-01
4.576190491108860225e-01
-4.951872109891826135e-01
5.798121747165176920e-01
-3.050720594669937835e-01
-5.038891337168960316e-01
-7.431657761967511711e-01
2.635034298412342046e-01
9.710352570130222905e-01
3.663220891225023035e-01
8.888014575694249686e-01
-6.169355803262150939e-01
-9.866821162172016990e-01
3.285321068589217575e-01
3.969412615772394126e-02
-1.622101869375347505e-01
-3.819392975780722121e-01
-1.380084624587636366e-01
-1.749468419188193735e-02
2.019643028232349646e-01
-4.207639483145757531e-01
-6.286426635507758043e-01
3.169245733268915011e-01
-2.051290935655287750e-01
2.911427676915070428e-01
-9.357257178155977684e-01
