-0.000000000000000000e+00
-0.000000000000000000e+00
0.000000000000000000e+00
-5.550792827631164522e-02
1.126495087475389706e-01
0.000000000000000000e+00
-0.000000000000000000e+00
0.000000000000000000e+00
0.000000000000000000e+00
0.000000000000000000e+00
0.000000000000000000e+00
-0.000000000000000000e+00
0.000000000000000000e+00
-2.730687833015146837e-02
-0.000000000000000000e+00
0.000000000000000000e+00
-0.000000000000000000e+00
-0.000000000000000000e+00
0.000000000000000000e+00
-0.000000000000000000e+00
-0.000000000000000000e+00
0.000000000000000000e+00
0.000000000000000000e+00
-5.565690027514618582e-02
-0.000000000000000000e+00
-0.000000000000000000e+00
-0.000000000000000000e+00
0.000000000000000000e+00
-0.000000000000000000e+00
0.000000000000000000e+00
-0.000000000000000000e+00
-0.000000000000000000e+00
-0.000000000000000000e+00
-0.000000000000000000e+00
0.000000000000000000e+00
-0.000000000000000000e+00
0.000000000000000000e+00
0.000000000000000000e+00
0.000000000000000000e+00
-0.000000000000000000e+00
1.189989955358283363e-01
0.000000000000000000e+00
1.698091134921211054e-01
3.732149655789958609e-01
0.000000000000000000e+00
-0.000000000000000000e+00
-0.000000000000000000e+00
-1.029699564712129450e-01
0.000000000000000000e+00
-1.590553548453612909e-01
0.000000000000000000e+00
0.000000000000000000e+00
-0.000000000000000000e+00
0.000000000000000000e+00
-1.373186746464862551e-01
-0.000000000000000000e+00
-0.000000000000000000e+00
-0.000000000000000000e+00
-2.237261751007126390e-02
3.594114624186224294e-01
-0.000000000000000000e+00
0.000000000000000000e+00
0.000000000000000000e+00
-0.000000000000000000e+00
0.000000000000000000e+00
2.184448315416756270e-01
0.000000000000000000e+00
-7.930709966447857528e-02
0.000000000000000000e+00
0.000000000000000000e+00
-0.000000000000000000e+00
-3.063525583636991789e-01
-0.000000000000000000e+00
-0.000000000000000000e+00
0.000000000000000000e+00
-1.556226968536265354e-01
0.000000000000000000e+00
0.000000000000000000e+00
0.000000000000000000e+00
-0.000000000000000000e+00
-0.000000000000000000e+00
-0.000000000000000000e+00
0.000000000000000000e+00
3.626265473349474799e-01
-0.000000000000000000e+00
0.000000000000000000e+00
0.000000000000000000e+00
0.000000000000000000e+00
-0.000000000000000000e+00
-0.000000000000000000e+00
0.000000000000000000e+00
0.000000000000000000e+00
-0.000000000000000000e+00
0.000000000000000000e+00
-4.316251414780994389e-01
-0.000000000000000000e+00
-0.000000000000000000e+00
-0.000000000000000000e+00
7.286439724383424188e-02
-0.000000000000000000e+00
-0.000000000000000000e+00
-0.000000000000000000e+00
-0.000000000000000000e+00
-0.000000000000000000e+00
0.000000000000000000e+00
0.000000000000000000e+00
-0.000000000000000000e+00
1.953223632753250949e-02
-0.000000000000000000e+00
0.000000000000000000e+00
-0.000000000000000000e+00
5.362590945694377387e-02
-3.161199518752881299e-01
0.000000000000000000e+00
-9.794686183684057912e-02
0.000000000000000000e+00
-0.000000000000000000e+00
-0.000000000000000000e+00
0.000000000000000000e+00
0.000000000000000000e+00
-0.000000000000000000e+00
0.000000000000000000e+00
-0.000000000000000000e+00
0.000000000000000000e+00
-6.392829095062160794e-02
-0.000000000000000000e+00
0.000000000000000000e+00
0.000000000000000000e+00
1.863259449812913748e-01
0.000000000000000000e+00
0.000000000000000000e+00
-0.000000000000000000e+00
-0.000000000000000000e+00
0.000000000000000000e+00
0.000000000000000000e+00
0.000000000000000000e+00
0.000000000000000000e+00
-0.000000000000000000e+00
-0.000000000000000000e+00
0.000000000000000000e+00
-0.000000000000000000e+00
9.232540652792815827e-02
0.000000000000000000e+00
-0.000000000000000000e+00
0.000000000000000000e+00
0.000000000000000000e+00
0.000000000000000000e+00
0.000000000000000000e+00
-0.000000000000000000e+00
-0.000000000000000000e+00
-2.144384805221347806e-02
0.000000000000000000e+00
-0.000000000000000000e+00
-0.000000000000000000e+00
0.000000000000000000e+00
-0.000000000000000000e+00
-0.000000000000000000e+00
0.000000000000000000e+00
-0.000000000000000000e+00
2.964060028616398793e-02
1.203791657096923845e-01
-0.000000000000000000e+00
0.000000000000000000e+00
-0.000000000000000000e+00
-0.000000000000000000e+00
0.000000000000000000e+00
-0.000000000000000000e+00
0.000000000000000000e+00
0.000000000000000000e+00
0.000000000000000000e+00
-0.000000000000000000e+00
0.000000000000000000e+00
-0.000000000000000000e+00
0.000000000000000000e+00
-3.774275624721012412e-01
0.000000000000000000e+00
-0.000000000000000000e+00
0.000000000000000000e+00
0.000000000000000000e+00
-0.000000000000000000e+00
0.000000000000000000e+00
1.324982890358810117e-01
-0.000000000000000000e+00
-0.000000000000000000e+00
3.527695791098318240e-02
-0.000000000000000000e+00
0.000000000000000000e+00
-7.389538488171876196e-02
-0.000000000000000000e+00
-0.000000000000000000e+00
0.000000000000000000e+00
-0.000000000000000000e+00
-0.000000000000000000e+00
0.000000000000000000e+00
0.000000000000000000e+00
-0.000000000000000000e+00
0.000000000000000000e+00
-0.000000000000000000e+00
-1.133556694896514228e-01
0.000000000000000000e+00
-0.000000000000000000e+00
0.000000000000000000e+00
0.000000000000000000e+00
0.000000000000000000e+00
-0.000000000000000000e+00
0.000000000000000000e+00
-0.000000000000000000e+00
-1.692077039356641721e-01
-0.000000000000000000e+00
0.000000000000000000e+00
0.000000000000000000e+00
-0.000000000000000000e+00
1.367139717089680961e-01
0.000000000000000000e+00
-0.000000000000000000e+00
2.544639563694744422e-01
-1.332124884359118244e-01
0.000000000000000000e+00
0.000000000000000000e+00
0.000000000000000000e+00
-1.513680839775906062e-01
-0.000000000000000000e+00
-0.000000000000000000e+00
-0.000000000000000000e+00
-2.380172773233892314e-01
-0.000000000000000000e+00
-3.966622370934604347e-01
2.181896984588574673e-01
0.000000000000000000e+00
0.000000000000000000e+00
0.000000000000000000e+00
-2.442307652297079634e-01
0.000000000000000000e+00
0.000000000000000000e+00
1.791384830388868810e-01
2.140648956474241749e-01
0.000000000000000000e+00
-0.000000000000000000e+00
9.409887034035803455e-02
0.000000000000000000e+00
0.000000000000000000e+00
0.000000000000000000e+00
5.239542080261057055e-01
-0.000000000000000000e+00
4.506665240185950827e-01
-0.000000000000000000e+00
-0.000000000000000000e+00
-0.000000000000000000e+00
-0.000000000000000000e+00
-5.314036110460446105e-02
-0.000000000000000000e+00
-3.273021257574181692e-02
0.000000000000000000e+00
0.000000000000000000e+00
-0.000000000000000000e+00
-0.000000000000000000e+00
-0.000000000000000000e+00
-0.000000000000000000e+00
1.036358740877306589e-01
0.000000000000000000e+00
-3.460307756186191686e-01
0.000000000000000000e+00
-0.000000000000000000e+00
0.000000000000000000e+00
-3.572160068647676767e-01
