4.064985655201716064e-01
2.492346029690761799e-01
1.758085477537303376e-01
-4.995713661147718199e-01
-6.153059051344131891e-01
9.210030257157655331e-01
5.157748910511117391e-01
6.123812996690085608e-01
1.205899609870570988e-01
-5.463775810700053359e-01
7.656449934293265702e-01
3.857554205190718566e-01
6.851754894111636851e-01
-1.611972546241804416e-01
9.285772997812657970e-01
2.089073542525752281e-01
-1.624195746040557609e-03
-4.612707870395151843e-01
-8.780808754960658380e-01
-4.065281622405003681e-01
3.610072736163221219e-01
-8.773586425530388588e-02
-7.396390562857018125e-01
-3.874330450655334435e-01
5.104982063474798881e-01
5.048087102046450170e-02
-6.910419572401258481e-01
5.747280608741138774e-01
-9.219588263371114589e-01
7.144377926290035319e-01
3.427837231198596069e-01
4.516681035638727693e-01
-8.784165176603007108e-01
-6.244160802319278503e-01
5.581652407306341157e-01
1.162558857828499548e-02
-4.618879271868185921e-01
9.691488416255307214e-01
8.089968858803562313e-01
-4.834187763682014083e-01
-3.387705615167897477e-01
-1.447528151001191699e-01
-6.373388686914147616e-01
2.483163965957495556e-01
-7.244872412541487616e-01
-6.458454697216642337e-02
8.482225817674853285e-01
4.795801056098811799e-01
7.211284534464108553e-01
-6.668386747138506099e-01
-5.370877254668300349e-01
-2.156539197365252569e-01
4.175836053257391267e-01
3.031749961796781356e-02
-3.812220191063560026e-01
3.803782307306915467e-01
-5.410417090754293667e-02
8.733483374047281700e-01
4.553746615652380925e-01
-7.931464271556571966e-01
-7.361728013068695731e-01
-7.784394934445029168e-01
-8.202402567663902300e-01
7.723987064379955747e-01
-1.467568813461279653e-01
8.955496555985122953e-01
-4.457342455379520452e-02
-3.689427863726169043e-02
-2.344239864677211127e-01
-2.857657248859639676e-01
6.772030783888172145e-01
-8.198251631446198395e-01
-2.750766631667720397e-01
-9.176315202831373252e-01
-4.013512636207920981e-01
2.234616093944352677e-02
2.498266438892837726e-03
-5.582646332189902250e-01
-6.948310218407349748e-01
8.819006852946309483e-01
-5.043627321628172400e-01
3.965995027950812712e-01
6.222445507866913861e-01
-4.997519305616562324e-01
-9.980694356077040030e-01
-4.142023408539265983e-01
9.246360897522940547e-01
-8.234972089136136653e-01
-6.290467355696482965e-01
1.006899596879844427e-01
9.515523442465354531e-01
2.760560406136161049e-01
-2.954335167543153950e-01
-2.063183362477791771e-01
4.745512855817324294e-02
-1.847433056431420084e-01
6.977725917232493469e-01
-3.640455295319184881e-01
-1.003445964435918381e-01
-5.212032772510768464e-01
8.783543640100164307e-01
-9.268768122014936495e-03
3.622049939069413860e-01
-9.638093092078108270e-01
-2.524291661447635171e-01
-4.146291668978001610e-01
4.903254653363908755e-01
2.497749313301456109e-01
8.044634113130775255e-01
-9.774547076549877644e-01
1.890401224802218394e-01
-8.317145903535680951e-01
8.717304423405836111e-02
7.684038440132847647e-01
-1.175832025602776554e-01
-1.306477822476899142e-01
5.590195426905992804e-01
3.565379393411818310e-01
5.534061041576816553e-01
4.117835387582502449e-02
2.550807437858186866e-01
5.792979206871913256e-01
-5.797728203226231170e-01
3.885927629470544709e-01
-6.225555339971540203e-01
2.416386338444886928e-01
-5.259011673420710409e-02
6.534412514404090988e-01
-3.369108984191069300e-01
9.042786470770116658e-01
5.002709758548484764e-02
-6.208641682192352906e-01
8.526117290384853664e-01
-1.197202185086443382e-01
-1.666539983421915228e-01
-2.335950621521380999e-01
-9.977893319574566711e-01
1.667047093448330575e-01
-7.666998452047240065e-01
-8.562948326762818141e-01
-8.894188917834715546e-01
-5.646988073931253904e-01
-5.973054580102687972e-02
-5.510002564172082895e-01
6.269830348176834711e-01
-9.299548474044383450e-01
-8.161347892399133386e-01
5.781273197960499211e-01
-7.722086584448248914e-01
4.897897447583003938e-01
-1.442463387792525253e-01
3.500580122843997000e-01
2.991203074701758169e-01
-4.671375038389766754e-01
-6.622298434419189306e-01
7.377100630856554542e-01
4.452447543411062192e-01
-3.208790154704632691e-01
7.436553185077217076e-01
4.347207189946109551e-01
-3.280822745828406717e-01
8.183010907618688545e-01
1.054863205722440522e-01
2.438118291635200663e-01
-2.226167917459109802e-03
6.591965701518831544e-01
-5.575836654878569831e-01
-4.162727099375489459e-01
-9.616690388303552606e-01
9.126804432777730902e-01
-7.717710885423023637e-01
-6.604373636394214042e-01
3.154796209152290754e-01
8.240723021844880147e-01
-8.811953408240287278e-01
4.643623084600041473e-01
-3.250157406313736175e-02
-9.692263812047750005e-01
-2.374018336884249347e-01
-1.128567245666427521e-01
-4.617179871240728595e-02
5.676971295004764606e-01
1.952410506243307253e-01
-7.910307953078050680e-01
6.393833087260669679e-02
-3.708634737693672356e-01
1.674757970081233172e-01
-9.485562808838536863e-01
6.633428337839646360e-01
3.856467265313803239e-01
-8.460122831313210412e-01
-8.422606686458349312e-01
8.932306439341084481e-01
5.603637955239306745e-01
-3.155520012197785551e-01
-9.008799592473721862e-01
4.553084828581852594e-01
7.654087391678499053e-02
-6.050991657240463173e-01
8.106154725575982489e-01
1.727114112529095635e-01
4.490931184794009212e-01
-9.501894568458246759e-02
2.094457096016142383e-01
6.126991483949604245e-01
5.648487038834817398e-01
2.500915857785215302e-01
-4.803242524968256433e-01
8.796045565029682045e-01
-1.872812817903626303e-01
-1.046023337194126324e-01
7.740568939631082834e-01
-8.229966716244325742e-01
9.327959659343323384e-01
7.378508089822921612e-02
-5.470850146590546803e-01
-2.261692844548213177e-01
5.619707476316371242e-01
4.773193316597108549e-01
5.932430631902163576e-01
8.926999684157939097e-01
-7.031895404838501840e-01
-4.001156509931949046e-01
-7.331029052902608978e-01
1.746217433567953670e-02
6.321672681294561169e-01
-1.320065517206476802e-01
6.277047931415031812e-01
7.301161673787412987e-01
-2.035149394134818657e-01
6.243373965883178833e-01
-8.437874118505193088e-01
-2.541432391177422812e-01
-8.488465769634503388e-01
-2.642635077867567794e-01
-9.453229438820491826e-01
-2.121673120913716293e-01
7.055969689364112174e-01
-5.906862739346183666e-01
4.957780514025258434e-01
-8.913925008532528338e-01
-7.958995402792190532e-01
4.162287750693607347e-01
5.523058412112811233e-01
-8.758483536294454641e-01
-2.144102831031344802e-01
5.036911495972462571e-01
9.927136725592307087e-01
7.678165866939012929e-01
-7.709814175239384504e-01
-6.528157367906946007e-01
-9.739232191600941668e-01
8.348533670213040825e-01
-3.799907882996294006e-01
3.261590083214256364e-01
1.748628496943280819e-01
8.027822289288344404e-01
3.653987376148943866e-01
-9.151961764697615909e-01
7.818944951545625521e-02
-2.586266586591872141e-01
-1.902041299818835185e-02
1.739779499043137001e-02
2.138494034214377670e-02
8.761109922973897568e-01
