-1.498528374052805201e-01
-0.000000000000000000e+00
-0.000000000000000000e+00
6.112059622828252409e-02
-0.000000000000000000e+00
-1.317372279142182412e-01
4.507289962307420988e-02
6.222280794213305155e-01
-0.000000000000000000e+00
-0.000000000000000000e+00
8.074990178683384423e-01
-0.000000000000000000e+00
-1.917157269390285523e-01
-0.000000000000000000e+00
-0.000000000000000000e+00
0.000000000000000000e+00
-5.660065799138486869e-03
0.000000000000000000e+00
-0.000000000000000000e+00
0.000000000000000000e+00
-1.189917853551031857e-01
2.317777618902100434e-01
0.000000000000000000e+00
-0.000000000000000000e+00
-0.000000000000000000e+00
-0.000000000000000000e+00
4.364917314380089008e-01
0.000000000000000000e+00
-0.000000000000000000e+00
-0.000000000000000000e+00
0.000000000000000000e+00
0.000000000000000000e+00
0.000000000000000000e+00
-0.000000000000000000e+00
0.000000000000000000e+00
0.000000000000000000e+00
0.000000000000000000e+00
0.000000000000000000e+00
-4.456821938421547946e-01
-0.000000000000000000e+00
-0.000000000000000000e+00
-0.000000000000000000e+00
4.524135910835103505e-04
0.000000000000000000e+00
0.000000000000000000e+00
0.000000000000000000e+00
-2.119755461301186528e-01
0.000000000000000000e+00
0.000000000000000000e+00
0.000000000000000000e+00
0.000000000000000000e+00
-0.000000000000000000e+00
0.000000000000000000e+00
-0.000000000000000000e+00
0.000000000000000000e+00
2.909192937488494501e-02
0.000000000000000000e+00
-4.918624425246533316e-01
0.000000000000000000e+00
-1.228576581454299960e-01
0.000000000000000000e+00
-0.000000000000000000e+00
-0.000000000000000000e+00
0.000000000000000000e+00
0.000000000000000000e+00
-0.000000000000000000e+00
0.000000000000000000e+00
0.000000000000000000e+00
0.000000000000000000e+00
-0.000000000000000000e+00
3.806760678398071751e-01
0.000000000000000000e+00
4.924923667911352276e-01
-0.000000000000000000e+00
-0.000000000000000000e+00
-0.000000000000000000e+00
0.000000000000000000e+00
-0.000000000000000000e+00
-0.000000000000000000e+00
-0.000000000000000000e+00
3.219962355134326631e-02
0.000000000000000000e+00
-1.839515949880688728e-01
0.000000000000000000e+00
-0.000000000000000000e+00
-0.000000000000000000e+00
0.000000000000000000e+00
0.000000000000000000e+00
0.000000000000000000e+00
-0.000000000000000000e+00
0.000000000000000000e+00
-0.000000000000000000e+00
0.000000000000000000e+00
-1.320977070666157216e-01
0.000000000000000000e+00
-0.000000000000000000e+00
-0.000000000000000000e+00
-0.000000000000000000e+00
0.000000000000000000e+00
-0.000000000000000000e+00
-0.000000000000000000e+00
-0.000000000000000000e+00
0.000000000000000000e+00
-7.899645911622872607e-02
0.000000000000000000e+00
0.000000000000000000e+00
-0.000000000000000000e+00
0.000000000000000000e+00
4.581335750152319003e-02
2.400896411097260819e-01
-0.000000000000000000e+00
-0.000000000000000000e+00
-0.000000000000000000e+00
0.000000000000000000e+00
0.000000000000000000e+00
-0.000000000000000000e+00
0.000000000000000000e+00
-0.000000000000000000e+00
0.000000000000000000e+00
0.000000000000000000e+00
3.115556349032574390e-01
-0.000000000000000000e+00
-0.000000000000000000e+00
0.000000000000000000e+00
-0.000000000000000000e+00
-1.389891114223837654e-01
-0.000000000000000000e+00
-0.000000000000000000e+00
-0.000000000000000000e+00
-0.000000000000000000e+00
-3.858463400005552879e-01
0.000000000000000000e+00
0.000000000000000000e+00
-0.000000000000000000e+00
0.000000000000000000e+00
-0.000000000000000000e+00
0.000000000000000000e+00
0.000000000000000000e+00
-0.000000000000000000e+00
-0.000000000000000000e+00
0.000000000000000000e+00
1.221853017842366718e-01
0.000000000000000000e+00
-3.312313440739659831e-01
-0.000000000000000000e+00
-1.898294853823438155e-01
-0.000000000000000000e+00
0.000000000000000000e+00
0.000000000000000000e+00
-0.000000000000000000e+00
-0.000000000000000000e+00
-0.000000000000000000e+00
-2.235134418407299373e-01
0.000000000000000000e+00
-0.000000000000000000e+00
0.000000000000000000e+00
-0.000000000000000000e+00
0.000000000000000000e+00
-0.000000000000000000e+00
0.000000000000000000e+00
0.000000000000000000e+00
-0.000000000000000000e+00
0.000000000000000000e+00
-0.000000000000000000e+00
2.092759071811371718e-02
-3.505944327571596138e-03
-1.595600811795805374e-01
-0.000000000000000000e+00
0.000000000000000000e+00
0.000000000000000000e+00
0.000000000000000000e+00
-0.000000000000000000e+00
-0.000000000000000000e+00
-0.000000000000000000e+00
0.000000000000000000e+00
-0.000000000000000000e+00
0.000000000000000000e+00
1.857504727589314730e-01
-0.000000000000000000e+00
4.460087867333143996e-01
2.404910905343084493e-01
-0.000000000000000000e+00
6.279276565501814567e-01
4.046898840117544860e-01
0.000000000000000000e+00
-0.000000000000000000e+00
-6.561173504724810979e-01
0.000000000000000000e+00
-0.000000000000000000e+00
7.875172472544822444e-02
9.579572696977103896e-02
-0.000000000000000000e+00
-0.000000000000000000e+00
-0.000000000000000000e+00
-0.000000000000000000e+00
0.000000000000000000e+00
0.000000000000000000e+00
0.000000000000000000e+00
0.000000000000000000e+00
0.000000000000000000e+00
0.000000000000000000e+00
-0.000000000000000000e+00
2.624163957680534232e-01
-0.000000000000000000e+00
0.000000000000000000e+00
-5.302532995767293977e-01
-0.000000000000000000e+00
0.000000000000000000e+00
-2.646733110447790915e-02
-0.000000000000000000e+00
0.000000000000000000e+00
-0.000000000000000000e+00
3.429021190853707712e-01
0.000000000000000000e+00
-0.000000000000000000e+00
3.496443118222871127e-01
1.602484321050917648e-01
-0.000000000000000000e+00
1.524617359274463013e-01
0.000000000000000000e+00
-0.000000000000000000e+00
-0.000000000000000000e+00
7.301922458223479573e-02
0.000000000000000000e+00
-0.000000000000000000e+00
0.000000000000000000e+00
-0.000000000000000000e+00
-3.212443999114876214e-01
4.005369488044679960e-02
0.000000000000000000e+00
0.000000000000000000e+00
-0.000000000000000000e+00
2.967080581702858377e-01
1.680943847450876438e-01
0.000000000000000000e+00
-7.246737152388657011e-01
-0.000000000000000000e+00
0.000000000000000000e+00
-0.000000000000000000e+00
-5.348038924763937052e-01
-0.000000000000000000e+00
-0.000000000000000000e+00
-0.000000000000000000e+00
0.000000000000000000e+00
-0.000000000000000000e+00
0.000000000000000000e+00
-4.086672233027795476e-01
-0.000000000000000000e+00
0.000000000000000000e+00
0.000000000000000000e+00
-0.000000000000000000e+00
-0.000000000000000000e+00
-0.000000000000000000e+00
-0.000000000000000000e+00
0.000000000000000000e+00
-9.028757002359263928e-02
0.000000000000000000e+00
9.542010923090255003e-02
-0.000000000000000000e+00
-0.000000000000000000e+00
-0.000000000000000000e+00
-0.000000000000000000e+00
0.000000000000000000e+00
2.207475842093492915e-02
-0.000000000000000000e+00
