-9.216957682282473918e-01
-9.397664933586122871e-01
8.306156400126250006e-01
6.097230882279198738e-01
-2.682540435927958100e-01
2.146963855601655702e-01
2.913835625047447309e-01
3.703146120996403390e-01
-3.036657053044553578e-01
1.866804320954982277e-01
1.356775078216825303e-01
6.689060097375787439e-01
2.160964195441201774e-01
5.805044773053169571e-01
-6.962625174757783864e-01
8.512834635843766762e-01
5.629685466394862559e-01
-4.974711801050790694e-01
-4.941865820146258415e-01
-5.880045080635456500e-01
-2.562478151390394920e-01
-6.620108698768982780e-01
-9.987609803743535686e-02
3.249904010072051097e-01
8.285866111966022629e-03
-3.187665039646330190e-01
-9.111204315082617189e-01
-7.945809605057130298e-01
-1.111154102312565950e-01
-3.983051211847454809e-02
-5.954989223600541948e-01
2.840511716420994759e-01
1.535872801174553715e-02
-3.492926637278492841e-02
-9.738895504243871848e-02
6.135361513543295953e-01
8.536525956655813818e-01
-2.128349002983480620e-01
-8.872124355332371426e-01
-8.354142395473873606e-02
7.318226077040193012e-01
3.990652282172189036e-01
4.499903113812777633e-01
-2.160879672434130594e-01
7.567355367996146942e-01
-6.449829730006726436e-01
-1.454520662670564235e-01
-8.932628612211048758e-01
1.237283102998847362e-01
-9.665444736072850151e-01
-1.968431527966023609e-01
5.383783217101092422e-01
-5.726078429530818692e-01
-2.824182206778773629e-01
9.898587768974893564e-01
2.587742716399821230e-01
-4.058609733210456483e-01
4.297167006408031398e-03
3.855682839475031987e-01
4.404354000518324597e-01
-2.010844174350596703e-01
-7.909434690920980060e-03
6.066743222261168356e-01
4.051916507693960057e-01
4.098812490276475540e-01
1.361556999687136837e-01
-1.091617208562145613e-02
6.392000956709131820e-01
-9.210998378545931509e-01
-7.921010166920374740e-01
-6.624209424965363802e-01
-2.858902861537027107e-02
9.798118390213990114e-01
-3.234502924262860901e-02
5.667203317150342201e-01
8.185897898626524061e-01
4.025935902313542147e-01
1.340856248127435535e-01
-8.019972706427651588e-01
3.813879295600968167e-01
-8.683303104486359558e-01
5.513322093777950350e-01
-2.574029678667715260e-01
1.141579721309537998e-01
-6.981651755803692794e-01
-6.469982655421331330e-01
2.056167218841087330e-01
1.588275593003551922e-01
-1.661481448532706739e-01
2.246678126904524397e-01
-1.498474473907953630e-01
-6.604634994896887434e-01
3.001572583765437230e-01
-4.563106956558036220e-01
5.012314149046197542e-01
3.381476803857670355e-01
-2.893771399989715221e-01
-2.616881364488508055e-01
6.701646264775238393e-01
-3.107630283314450903e-01
1.119166625001144499e-01
8.451983620066063629e-01
1.739559901400180575e-01
-3.162710454725228271e-01
8.659135824783068536e-01
1.082241719854581952e-01
7.967489959433928792e-01
5.992858877182836164e-01
1.935156365373107423e-01
-9.252382591125514200e-01
-2.477067836265005596e-01
-1.580945727003952861e-01
-5.937931201962061145e-01
1.254210814152845188e-02
3.703997623906898351e-01
7.076990326038385959e-01
-4.133704454225672897e-01
-1.385684876144492872e-01
1.765155615209357265e-02
-3.165958633838830139e-01
-7.412283713624758796e-01
3.787348561099483923e-01
9.279170466613821944e-01
9.117757231106884408e-01
-8.613917224741647338e-01
2.650783850410578513e-01
-4.384378071740679950e-01
3.469706292670455827e-01
1.501403068929176854e-01
-8.582503053086507627e-01
1.396553303121932377e-01
2.096056022521461948e-01
-2.938689831379539541e-01
-5.071331879284146638e-02
-1.203541578420517233e-01
7.533410676425063013e-01
-5.355413100586958741e-02
-8.906644004242767476e-01
-2.501517102624746247e-01
-6.904245914570958931e-01
-3.994544618965178984e-02
-2.966008469978020923e-01
3.929850439506406001e-01
4.608722021793989487e-01
8.744270715398361205e-01
4.096235200740827587e-01
-6.893834096577569071e-01
-6.988277491834671284e-01
-5.236215453662536046e-01
-8.662842149348641829e-01
9.195859463587867655e-01
5.679691774972943641e-01
2.284168782809725684e-02
-7.873883127382439451e-01
3.332877583223776696e-01
6.726596011627705707e-01
-2.308050026988848202e-01
9.798378548973798452e-01
-4.683517754769284114e-01
-6.804719603961679741e-01
8.219470916224136392e-01
7.032641451045491543e-01
-1.622457931420491217e-01
-6.565515621578577043e-01
9.790462528494310313e-01
6.165866800725847696e-01
7.963361634681440648e-01
3.260021305343094866e-01
-8.194508826238704469e-01
-2.845124929007449843e-01
4.091780099012198857e-01
-7.705394709743074166e-02
-9.541388481117560882e-01
4.366767132551134800e-01
4.687791708180220063e-01
-3.534071758523880114e-01
-2.508276333392778223e-01
2.443282407900477793e-01
-9.129891749400420586e-02
4.148886759474350594e-01
6.956044743934388652e-01
3.428481652043913197e-01
1.763598182136092429e-01
-6.147865955639741919e-02
1.614457491226495289e-01
-4.084458140238300672e-01
9.242230524888723764e-01
7.214247895065373228e-02
3.414883610326424623e-01
-6.842429258985756046e-01
4.640052931170604023e-01
3.800044283086172481e-01
9.776639179125237167e-01
1.433550049479639377e-01
5.102074305290065226e-01
2.480510306591841019e-01
-7.049998734546325529e-01
-8.220232103514752975e-01
6.228427944464840493e-01
2.409952593817343836e-01
6.523870495905639277e-01
7.561106623697517737e-01
-2.982144646620394912e-01
-7.760433869079259583e-01
-9.742714792459579165e-01
1.876911552437996455e-01
-2.556123454578007603e-01
-8.362096390313724648e-01
-9.816825385841412288e-01
4.172546122576399341e-01
4.095919868203412584e-01
5.688687180491929229e-01
-4.628135466640870277e-02
5.802601635702036020e-01
-2.711174757284293690e-01
-4.485213527733760142e-01
-8.015977704096481915e-01
-1.841718252673869571e-01
9.646295228391217336e-01
-8.898067547108816644e-01
-2.629193767250028735e-01
1.916263975000402908e-01
3.139979961085404003e-01
3.286117161055019942e-01
6.666125551029160601e-01
3.158149983003131211e-01
4.603345434711054729e-01
3.211683355390519967e-01
-8.255979626508371805e-01
-3.694362402255080280e-01
-3.692731404650351212e-01
3.894424685867685643e-01
1.399080237594714227e-01
-2.991583457458066864e-01
-7.933885129333768660e-01
2.956163152360256063e-01
9.265338561906761861e-01
7.047003008410417380e-01
-4.963681792796208470e-01
6.273115325755760363e-01
-8.563852915244962727e-01
8.452156847550162944e-02
6.851831550027172035e-01
6.529951100648894169e-01
4.613404876546711719e-02
1.915573535977641573e-01
-4.745930043417510014e-01
1.161844167546910445e-01
3.356710894655878796e-01
9.443670320477337565e-01
4.643689297689768125e-05
-4.097162250706605224e-01
-5.715409971896163732e-01
-5.445812440872757065e-01
5.102107551748258363e-01
6.484368099725705825e-01
-1.216359719347304136e-01
1.979152705372393406e-01
-8.812568404873721839e-01
-5.975962828230074741e-01
7.474352541617519385e-01
7.017995359555047052e-01
6.477804776480773352e-01
1.956931537267136978e-01
9.481710201665671800e-01
