0.000000000000000000e+00
-1.535693412486272003e-01
0.000000000000000000e+00
0.000000000000000000e+00
0.000000000000000000e+00
0.000000000000000000e+00
-0.000000000000000000e+00
-0.000000000000000000e+00
-0.000000000000000000e+00
-0.000000000000000000e+00
0.000000000000000000e+00
-3.973669506755517916e-02
-0.000000000000000000e+00
0.000000000000000000e+00
-0.000000000000000000e+00
0.000000000000000000e+00
0.000000000000000000e+00
-0.000000000000000000e+00
-0.000000000000000000e+00
-0.000000000000000000e+00
-8.592327754188718025e-02
4.698550998571965343e-01
0.000000000000000000e+00
-0.000000000000000000e+00
0.000000000000000000e+00
0.000000000000000000e+00
0.000000000000000000e+00
-0.000000000000000000e+00
0.000000000000000000e+00
0.000000000000000000e+00
-0.000000000000000000e+00
-7.340519416359040372e-01
0.000000000000000000e+00
-4.946859628310252832e-01
2.995133225541491417e-01
-0.000000000000000000e+00
-0.000000000000000000e+00
0.000000000000000000e+00
0.000000000000000000e+00
0.000000000000000000e+00
-0.000000000000000000e+00
0.000000000000000000e+00
-4.490009070649799705e-01
7.295593857902544777e-01
-0.000000000000000000e+00
-0.000000000000000000e+00
-5.373731114431455624e-02
-0.000000000000000000e+00
0.000000000000000000e+00
0.000000000000000000e+00
-0.000000000000000000e+00
0.000000000000000000e+00
-0.000000000000000000e+00
3.085008864416012853e-01
0.000000000000000000e+00
-0.000000000000000000e+00
-0.000000000000000000e+00
-0.000000000000000000e+00
-0.000000000000000000e+00
0.000000000000000000e+00
0.000000000000000000e+00
-0.000000000000000000e+00
-0.000000000000000000e+00
0.000000000000000000e+00
-0.000000000000000000e+00
-0.000000000000000000e+00
0.000000000000000000e+00
-0.000000000000000000e+00
0.000000000000000000e+00
0.000000000000000000e+00
-0.000000000000000000e+00
0.000000000000000000e+00
0.000000000000000000e+00
2.053830325523474942e-01
0.000000000000000000e+00
-2.607514755611742632e-02
-0.000000000000000000e+00
-0.000000000000000000e+00
-0.000000000000000000e+00
0.000000000000000000e+00
-0.000000000000000000e+00
0.000000000000000000e+00
0.000000000000000000e+00
-0.000000000000000000e+00
1.348496834896317775e-01
0.000000000000000000e+00
-0.000000000000000000e+00
3.342115292508712199e-01
4.408468239208039596e-02
-0.000000000000000000e+00
-0.000000000000000000e+00
4.041567365655042154e-01
0.000000000000000000e+00
0.000000000000000000e+00
-0.000000000000000000e+00
0.000000000000000000e+00
-0.000000000000000000e+00
2.587799791682516837e-01
0.000000000000000000e+00
0.000000000000000000e+00
0.000000000000000000e+00
4.057946740669720054e-01
-0.000000000000000000e+00
-0.000000000000000000e+00
0.000000000000000000e+00
0.000000000000000000e+00
0.000000000000000000e+00
-0.000000000000000000e+00
0.000000000000000000e+00
0.000000000000000000e+00
-0.000000000000000000e+00
-0.000000000000000000e+00
-0.000000000000000000e+00
-0.000000000000000000e+00
0.000000000000000000e+00
0.000000000000000000e+00
0.000000000000000000e+00
0.000000000000000000e+00
-0.000000000000000000e+00
0.000000000000000000e+00
0.000000000000000000e+00
0.000000000000000000e+00
3.819705887592880211e-01
1.318099500284926340e-02
0.000000000000000000e+00
0.000000000000000000e+00
-0.000000000000000000e+00
-0.000000000000000000e+00
-2.032090675478471775e-01
0.000000000000000000e+00
-0.000000000000000000e+00
-4.595195508452186717e-01
0.000000000000000000e+00
0.000000000000000000e+00
-6.136834729666765242e-02
-4.490940472950350482e-01
0.000000000000000000e+00
-0.000000000000000000e+00
-0.000000000000000000e+00
-0.000000000000000000e+00
0.000000000000000000e+00
0.000000000000000000e+00
1.282114976809698437e-01
2.408521368094335147e-01
-0.000000000000000000e+00
-0.000000000000000000e+00
1.435766419904471736e-01
-0.000000000000000000e+00
-2.491441583309698393e-01
0.000000000000000000e+00
0.000000000000000000e+00
0.000000000000000000e+00
-0.000000000000000000e+00
0.000000000000000000e+00
-0.000000000000000000e+00
-6.143556848446216079e-02
0.000000000000000000e+00
-0.000000000000000000e+00
-0.000000000000000000e+00
-0.000000000000000000e+00
-0.000000000000000000e+00
-0.000000000000000000e+00
1.514525034807443771e-01
-0.000000000000000000e+00
-0.000000000000000000e+00
0.000000000000000000e+00
-0.000000000000000000e+00
-0.000000000000000000e+00
-0.000000000000000000e+00
0.000000000000000000e+00
-1.000000000000000000e+00
-0.000000000000000000e+00
0.000000000000000000e+00
3.317335808216319293e-02
0.000000000000000000e+00
-2.059942205210064381e-01
-0.000000000000000000e+00
-9.516207072251224863e-01
2.210273889185069007e-01
-1.175408573409035817e-01
0.000000000000000000e+00
-0.000000000000000000e+00
1.234471916060686097e-01
0.000000000000000000e+00
-2.605684570021096214e-01
-1.879480990178969413e-01
-0.000000000000000000e+00
3.737689182508646679e-02
-0.000000000000000000e+00
-0.000000000000000000e+00
0.000000000000000000e+00
-0.000000000000000000e+00
-0.000000000000000000e+00
-0.000000000000000000e+00
-0.000000000000000000e+00
-0.000000000000000000e+00
0.000000000000000000e+00
-0.000000000000000000e+00
0.000000000000000000e+00
-0.000000000000000000e+00
-0.000000000000000000e+00
-0.000000000000000000e+00
-0.000000000000000000e+00
-8.077084437891766944e-02
-0.000000000000000000e+00
-0.000000000000000000e+00
0.000000000000000000e+00
6.635206595209217073e-02
5.070780378205329564e-01
0.000000000000000000e+00
0.000000000000000000e+00
0.000000000000000000e+00
0.000000000000000000e+00
0.000000000000000000e+00
-0.000000000000000000e+00
0.000000000000000000e+00
3.916842604215227674e-01
4.220942807749832326e-01
0.000000000000000000e+00
-0.000000000000000000e+00
-0.000000000000000000e+00
-0.000000000000000000e+00
-0.000000000000000000e+00
-0.000000000000000000e+00
-0.000000000000000000e+00
0.000000000000000000e+00
-1.755894705465171346e-01
5.011528336793691363e-01
-0.000000000000000000e+00
0.000000000000000000e+00
0.000000000000000000e+00
0.000000000000000000e+00
0.000000000000000000e+00
-0.000000000000000000e+00
-2.565024342773462029e-01
1.400217821684226205e-01
-0.000000000000000000e+00
-2.442457919612765760e-01
0.000000000000000000e+00
-2.029883628028827103e-01
-0.000000000000000000e+00
0.000000000000000000e+00
1.467700074471564031e-01
0.000000000000000000e+00
-0.000000000000000000e+00
-2.365790185209682706e-01
0.000000000000000000e+00
-0.000000000000000000e+00
0.000000000000000000e+00
0.000000000000000000e+00
1.059138245027600733e-01
0.000000000000000000e+00
0.000000000000000000e+00
9.090424078700173882e-02
-0.000000000000000000e+00
0.000000000000000000e+00
0.000000000000000000e+00
3.198114893332903996e-01
0.000000000000000000e+00
-0.000000000000000000e+00
-0.000000000000000000e+00
0.000000000000000000e+00
0.000000000000000000e+00
0.000000000000000000e+00
-0.000000000000000000e+00
