-3.903664120422677408e-01
4.712074011886563385e-02
8.242298257701434483e-02
-2.115282966897201189e-01
-3.920978645610867508e-01
-4.487949648407102421e-01
-4.115839596898321351e-01
3.317658180723673245e-03
-3.298052075167284825e-01
-4.833626135342656421e-02
1.905734511380845486e-01
-3.902359486124641341e-01
1.109135299762378096e-01
1.227400912123218779e-01
-5.297544113295921120e-01
1.132389237780574015e-01
-2.745489481593336167e-01
5.178316435312304566e-01
-8.071269673059385807e-01
-2.133322811589783707e-01
2.394206469689144634e-01
4.049919572104620502e-01
1.764219828337648677e-01
-6.505106274232774766e-01
2.841216349046236100e-01
-5.319845242983187728e-01
1.897846044514187036e-01
4.418887631840514585e-01
-3.312085039614094673e-02
2.595869700228399246e-01
6.197901438007279440e-01
7.998898722385450188e-01
3.758338401092652936e-01
-4.462726535891927138e-01
6.766922042641904111e-01
-1.312948175959925412e-01
-4.771496741737647762e-02
5.276029277400577921e-01
-4.097655105674872789e-01
-4.254977075718802682e-01
7.365606173247629673e-02
-3.006244718199400645e-01
-1.588720112997481504e-01
7.896487340603897120e-01
3.208354217912267048e-01
2.336092595502294589e-01
3.297667741739342961e-01
3.295587354557878712e-03
6.075992061827431567e-02
1.054138348106705217e-02
6.115332870867721260e-01
5.311398121226652558e-01
2.365962329327956082e-01
1.286994689860060936e-01
-2.070204037094326988e-01
-7.648533463306994573e-02
4.808135104476233823e-01
8.639387004795535951e-02
-6.801755750837485959e-01
-8.169976746252241018e-01
-7.050684644150824465e-04
-4.936992871146867468e-01
-5.341336584499992157e-02
1.024710973230574390e-01
-5.834224106199966675e-01
6.293845065888572510e-01
-2.182500094041479322e-01
-7.993554885584493175e-02
1.995984599756222555e-01
-7.385249765722849691e-02
-1.206953286799858360e-03
6.235477734382786075e-01
1.798376116402845282e-01
-1.587065156099925767e-01
2.102078642548238785e-01
-4.265563594805382719e-01
4.054568421855272997e-01
5.272453240936907370e-01
-5.595678125708398731e-01
2.822023385859199207e-01
2.677564399935078443e-01
-4.425097746162894030e-02
-8.496506163073042073e-01
3.035744329062893265e-01
1.690605684476430004e-01
3.664922866526816869e-01
2.209532081501747874e-02
-1.920013727283650662e-01
5.751440383515571408e-01
-4.840680403233214024e-01
6.209180695357694457e-01
6.069748936811273365e-01
-2.645348074428175433e-01
5.115110857227102015e-01
4.464612558977018031e-01
3.088179208133565723e-01
1.294466742344106969e-01
4.663662765684672973e-01
1.347156260307641462e-01
-5.151842034502174261e-01
-4.574937820635064933e-01
1.208781311840486233e-01
4.984951988674351520e-01
-2.784091469940142005e-01
1.241898558784799989e-01
-1.284614503191712220e-01
-7.369323287814036894e-01
-5.316464859862753967e-01
-3.344540387114085522e-01
-2.656385657882784357e-01
-9.214504932171575791e-02
4.518702870893096524e-01
1.016234551008126513e-02
-7.587931127448176161e-03
4.246844447108354403e-01
-7.013271230003940149e-01
1.830712326661273689e-02
5.000893347833080815e-01
-3.126642617534824975e-01
-1.811820692602802707e-01
-5.542069132203628623e-01
7.368518777694208488e-01
2.155674465410547525e-01
4.891307693665623568e-01
-5.056506720778149999e-01
-3.147359472412903925e-01
-6.634741303093372178e-02
5.846888307160631459e-01
-3.077187272984180932e-01
7.487164588107059204e-01
7.749429332083205280e-01
-3.097665709158270997e-01
-1.295867970320525309e-01
1.990497613034631352e-01
5.306434130014778816e-01
-9.346596078516847261e-02
3.913918464618554860e-01
-4.519989979379205880e-01
5.777895336599635501e-01
3.846936881203770198e-01
2.291961436575598310e-01
4.989796445170157080e-01
1.000311368147582813e-01
-3.956006265219633167e-01
3.140410642435806921e-01
-7.448276995156014602e-01
4.235861301364837184e-01
6.409841975643486567e-01
7.105528240369914927e-01
1.753206978612095179e-01
-5.450698038209231822e-01
2.718297858433645908e-01
1.520466531790228004e-01
-6.669739376835592815e-01
-4.299259380442630452e-01
5.151916394028335233e-01
6.112191634675144813e-01
7.335595629166580256e-01
-5.994196166330619802e-01
4.942700303433893438e-01
-2.246375862220785780e-01
7.198634784101507478e-01
3.028293219679090709e-01
3.120319126074354021e-01
-5.609029893342105666e-01
3.572035948864589749e-01
-2.082109098371206710e-02
-5.232216573279552252e-01
-2.703956330992449489e-02
7.264781680591132496e-01
1.720660471860684451e-02
6.937176213098713573e-01
-7.927941198440873194e-01
7.272763432899441785e-03
-3.886365788999423532e-01
-6.239291683060248506e-01
4.826785824417220705e-01
-1.883206084345687981e-01
6.643141027351059380e-01
1.627714023074317007e-01
2.424706802605075262e-01
4.287697277058316048e-01
-3.501599086633390145e-01
1.119851183982810833e-01
-6.600521794576366119e-01
-4.747703594372472691e-01
-7.379817955355572057e-01
-5.431706934202331638e-01
-4.154747478938331517e-01
8.169807363783261611e-02
3.288268576962385392e-01
-3.696077432363046866e-01
-5.420726639921048529e-01
-5.295108175031244535e-01
-4.915998715864768887e-01
7.932051600533800151e-02
1.209457545527928141e-01
-4.144698681698760073e-02
-7.414408507571191853e-01
-7.508099908033689651e-01
3.303006782276925457e-01
6.134442826967720919e-01
-5.554904041723419672e-01
-6.351874570105023876e-01
-3.560070065365477099e-01
7.645177699945433503e-01
-7.666866193872028390e-01
3.234428232673471904e-01
-6.885116757762965722e-01
6.839654254365246100e-01
4.897187266992018562e-01
3.138520601554342093e-01
4.751872936814885429e-01
-5.070530480652690741e-01
-5.717523486855531356e-01
-4.681879967681534249e-01
-1.485094185788101151e-01
5.124319084958129933e-01
5.970283572836629915e-01
7.701271070263410179e-01
3.178894725817504874e-01
-1.357448386576235733e-01
5.115376710746230016e-01
2.234566416710254133e-01
-5.893844900403796272e-01
7.381428156191246481e-01
-1.161318217856288776e-01
2.476808859416393116e-01
-5.462303236861340006e-01
5.865169654141166866e-01
4.155816872217697466e-01
2.686575118555680208e-01
-6.093606501139200438e-01
6.481559322207649521e-01
-3.053808957521464418e-01
4.301389776733097747e-01
4.584574596441838290e-01
6.547114993228564384e-02
-7.432997730746405685e-01
-4.624083429742238405e-01
2.582252004919892707e-01
2.297834008376033466e-01
-2.393720280957493951e-01
6.061190680705227374e-01
4.906674191891275960e-01
-6.240082477998876165e-01
-6.356374409790902513e-01
-5.603262874831871354e-01
-8.341232501044952841e-01
1.437869680773271597e-01
-6.071609345327597662e-01
2.009628560700275068e-01
-1.687643908300779164e-02
3.351456927984974299e-01
-1.594055544471167929e-01
-1.630692495644427142e-01
-5.791463959231355485e-01
-1.720798828680756842e-01
2.522300700059370571e-01
-7.464851552628871678e-01
-6.838703065625975075e-01
-1.680067763952607929e-01
6.519373119326472565e-01
5.898367643113435754e-01
-4.562857173006408251e-01
