2.232305366051682005e-01
-5.837377086393525927e-01
2.365707867013187304e-01
-1.358658353721397261e-01
-1.497494508552621451e-01
4.346268377952260398e-01
-7.677502792350598959e-02
9.892738141760459847e-02
-5.029851549602583072e-01
-1.779861752349248816e-01
-1.566490583565335604e-01
2.897284697860677549e-01
3.514742946463733642e-01
-1.991385526682290241e-01
5.747567667710407058e-01
-1.489849007775995160e-01
-4.343819474369161604e-01
-3.091044860500543473e-02
-1.906198347595645104e-01
5.896430651191346684e-01
-8.562726569476908356e-02
2.604745593329363951e-01
4.258751950077773740e-01
3.472548878655298266e-01
-2.958787866915566500e-01
2.005676053003312420e-01
4.563094110281230575e-01
-2.159971667900515424e-01
-3.477409998215053033e-01
-7.542150527492103018e-04
-6.198395505346320222e-01
-4.913393095374350983e-01
-5.322740328514544705e-01
3.462355303904677828e-01
2.327574481410730201e-01
-3.853040020171573099e-01
-3.741055793746708158e-01
-1.101874768342480382e-01
-2.760199721242157511e-01
4.990320117300069136e-02
-3.955589423658023573e-02
6.004324838131848141e-01
1.594789319081997558e-01
2.513138773800328574e-01
-2.637961453122515953e-01
4.340121069455632474e-02
-3.117776510863700112e-01
5.297576287444324405e-01
5.774065440818593187e-01
-3.139875300964805049e-01
9.673216261127773330e-02
1.663444914333050417e-01
-2.290161570572635530e-01
-5.198319382431962898e-01
-7.135263922421654081e-01
4.995877953017352491e-01
5.551893748703774500e-01
4.093003196380528008e-01
2.593494134537621121e-01
2.546242295343447148e-01
-2.322877163186297667e-01
-3.202294517527495832e-01
4.185039050645156800e-01
-4.550646901480548956e-01
-1.589838710014241929e-01
3.374233906088934809e-01
-3.995833565882795924e-01
-5.632615075307489949e-01
-5.367850767955295588e-01
2.948305001963668071e-01
7.317023969219239865e-02
9.383980208183356764e-02
5.002861669040437054e-02
-3.456756185547953802e-02
-3.998614473326164154e-01
-5.952667597139658928e-02
8.399643132948504398e-01
-4.554869269314770763e-01
-7.812191490830787399e-02
-5.444075854779955037e-01
-5.439377329546375428e-01
2.507783669278736971e-01
-1.475407309002708667e-01
-6.564900084837294036e-01
-4.652046418002593886e-01
-2.019278543738940029e-02
5.218395023205553152e-01
6.183261295958683013e-01
5.532762391177702410e-01
4.084850640902413371e-02
3.794499188161136183e-01
5.625473484786916445e-02
4.747442429430204780e-01
-2.165926644967278714e-01
-5.286014988287930372e-01
-5.753088547721862955e-01
-3.605840543191060066e-01
-5.641908901162333567e-01
5.528223728205390319e-01
-3.340248168325530287e-01
-4.080373783347456262e-01
-2.432549829839152356e-01
4.811188494536915161e-02
3.286051291233295646e-01
-4.569437130598101859e-01
-2.669317798540618569e-01
1.917205161557797022e-01
2.538789391137543650e-01
4.039879493315708947e-01
-5.124949600376698111e-01
4.455641159571266940e-01
6.624578396047755557e-01
3.716028372120067091e-01
2.008684990323483799e-01
9.486210352173353455e-02
4.767937731192485318e-01
-3.629354182270491669e-01
-4.300556283291809279e-02
-2.324088551136855862e-01
-1.898889409186561017e-01
-7.275010317376248703e-04
4.614641638663878886e-01
-4.788716590496808201e-02
9.863367540214793006e-02
6.775437115636349095e-01
4.385725639555389521e-01
3.682466144464933699e-01
-4.516891725406942393e-01
5.341534196990828098e-01
-1.659292662457002576e-01
-3.611926512041192805e-02
-2.215053482700690690e-01
8.364042652621126450e-01
-3.336791383175916059e-02
3.723068297260452297e-01
3.553260763475702966e-01
6.280948815337694668e-02
-1.185266787918203835e-01
-4.229751336145074481e-01
-9.258776399964198725e-03
-1.608962887578188616e-01
-4.197637779010249259e-01
-2.188501420762576644e-01
1.817824478901919061e-01
-3.100741648302650089e-01
-5.927757154900632486e-01
6.791068858196663838e-02
-2.390226068017869687e-01
5.308648052438919018e-01
1.174187438529329941e-01
-3.979887833900754290e-01
-1.433192838127263502e-01
-1.015815738681258018e-01
2.369893989978389959e-01
-2.154749616417195313e-01
4.514707505821583533e-01
9.268340368117355954e-02
-4.666407864207666734e-01
-1.910693169488399401e-01
-4.506123525099551830e-01
2.740246535480557188e-01
3.735405368052879260e-01
-8.269593713719436412e-02
3.188139363573928020e-01
-5.174920118943090452e-01
-1.074959366664981902e-01
2.442533815396692731e-02
-1.648332170334974311e-01
2.797809337580961508e-01
3.080087063397017322e-01
-4.791249163313936466e-01
-3.786893143883420798e-01
5.185910033622914694e-01
-2.151709549255198528e-01
-5.238243941708381479e-01
-3.437675305245506407e-02
-9.439546364332120076e-02
-2.604307232640070691e-01
5.227601554646814641e-01
-4.724946446530138289e-01
4.786035319837156354e-01
-2.246736342263706832e-02
-1.774185246489622114e-01
1.323015165234152357e-01
-2.458369940127350106e-01
-3.837496672470722681e-01
2.771846847713144157e-01
-3.980462736246622724e-01
7.765888119864761130e-02
3.503804710081153545e-02
-1.813037126690005552e-01
9.202823840120384624e-02
6.421316552775874209e-02
-4.630323270313337347e-01
3.204391463698432752e-01
-1.534051862818094358e-01
1.266347332123468616e-03
6.929554395038927117e-01
1.777030412730557229e-01
-5.618781278430267090e-01
-5.569808357157284284e-01
-8.822805369692987565e-03
-1.218966292186425410e-01
4.276220424376262486e-01
-4.827976561944687939e-01
3.018120674392220648e-01
6.951046725410990612e-02
-2.944373980679838576e-01
-9.906591477660837974e-02
3.355550627374017658e-01
-1.450476601353729023e-01
4.233020395297161231e-01
3.317592863058946850e-01
8.457048874613956602e-02
-3.174068812288851071e-01
-7.715789589581205643e-01
2.734386283201580836e-01
-1.338892916017823675e-01
-1.464434805501904635e-01
-1.939398574727670133e-01
1.785702130342425864e-01
-4.426018462159587163e-01
3.446359047914330231e-01
-1.281146061114143420e-01
-9.089023127936236846e-02
-2.721006737493029126e-01
-4.668667437522034946e-01
-8.975244544183705320e-03
-1.062067131314586854e-01
2.503991387167046612e-01
-5.926781034975070472e-01
7.746489188405033532e-01
2.608886126608537248e-01
2.762049627922946726e-01
-5.077076643594193861e-01
-4.612200926551044966e-01
4.862988707995773430e-01
4.860022414589491024e-01
-3.870884455973953586e-01
4.186218447488245786e-01
1.520500976489565226e-02
-1.712171532241082983e-01
8.010064208895528726e-01
6.886033334720516319e-02
5.971240288344547009e-01
-3.083258272572493852e-01
-3.373554033241225603e-01
5.297395713243456816e-01
4.041684086970447343e-01
4.153922242139640453e-01
-5.119340721266817107e-03
-3.343347160979925903e-01
-6.110043737854877755e-01
-5.649927673928631933e-01
-3.149461601846754721e-01
-4.453388277594663713e-01
-2.328902156891700104e-01
1.480258404773999725e-01
5.524287998203801786e-01
2.571432040950771825e-01
-3.016608391069658390e-01
-1.123572880491724157e-01
4.452264051993972127e-01
2.463579950409344466e-01
5.639695981957477677e-01
