0.000000000000000000e+00
0.000000000000000000e+00
6.160300663319741299e-02
0.000000000000000000e+00
1.728515511416658934e-01
0.000000000000000000e+00
1.062209281550597767e-01
-0.000000000000000000e+00
0.000000000000000000e+00
0.000000000000000000e+00
1.240317630208363497e-01
-0.000000000000000000e+00
0.000000000000000000e+00
-0.000000000000000000e+00
0.000000000000000000e+00
-0.000000000000000000e+00
0.000000000000000000e+00
0.000000000000000000e+00
-1.720374175495852087e-01
-0.000000000000000000e+00
-1.197132038458905839e-01
-0.000000000000000000e+00
-4.386014727182520057e-01
0.000000000000000000e+00
-0.000000000000000000e+00
-0.000000000000000000e+00
-0.000000000000000000e+00
-0.000000000000000000e+00
0.000000000000000000e+00
-8.244424143666849447e-02
-0.000000000000000000e+00
0.000000000000000000e+00
-0.000000000000000000e+00
-0.000000000000000000e+00
0.000000000000000000e+00
-0.000000000000000000e+00
0.000000000000000000e+00
-7.322239976589925425e-02
-0.000000000000000000e+00
-0.000000000000000000e+00
-0.000000000000000000e+00
0.000000000000000000e+00
1.405284287713159941e-01
-0.000000000000000000e+00
3.048755928083938249e-01
-0.000000000000000000e+00
-5.981743207629009601e-02
-0.000000000000000000e+00
0.000000000000000000e+00
0.000000000000000000e+00
0.000000000000000000e+00
-6.652315420191977635e-01
-2.176861955061175080e-01
0.000000000000000000e+00
4.642447904256541968e-01
0.000000000000000000e+00
0.000000000000000000e+00
-0.000000000000000000e+00
0.000000000000000000e+00
-0.000000000000000000e+00
0.000000000000000000e+00
-0.000000000000000000e+00
-0.000000000000000000e+00
-0.000000000000000000e+00
-0.000000000000000000e+00
-5.139537987513034256e-01
-0.000000000000000000e+00
0.000000000000000000e+00
0.000000000000000000e+00
-0.000000000000000000e+00
-0.000000000000000000e+00
0.000000000000000000e+00
-0.000000000000000000e+00
1.822543753395843014e-01
-0.000000000000000000e+00
1.919849843012846613e-01
-0.000000000000000000e+00
0.000000000000000000e+00
-0.000000000000000000e+00
1.778752455027632351e-01
-0.000000000000000000e+00
-5.098248433609846586e-01
1.430933507497333668e-01
-0.000000000000000000e+00
0.000000000000000000e+00
-0.000000000000000000e+00
5.713467871671238374e-01
0.000000000000000000e+00
0.000000000000000000e+00
-0.000000000000000000e+00
4.270260406389206898e-01
0.000000000000000000e+00
0.000000000000000000e+00
-3.573502512445680401e-01
0.000000000000000000e+00
0.000000000000000000e+00
-0.000000000000000000e+00
-0.000000000000000000e+00
-0.000000000000000000e+00
-0.000000000000000000e+00
0.000000000000000000e+00
0.000000000000000000e+00
3.574495377777019839e-02
0.000000000000000000e+00
0.000000000000000000e+00
-0.000000000000000000e+00
-2.848602796144379945e-01
0.000000000000000000e+00
-0.000000000000000000e+00
0.000000000000000000e+00
0.000000000000000000e+00
-4.079219311370556045e-01
-0.000000000000000000e+00
-1.688949096521458471e-01
0.000000000000000000e+00
-0.000000000000000000e+00
-0.000000000000000000e+00
0.000000000000000000e+00
-3.219403043696973943e-01
-0.000000000000000000e+00
-2.869867936571319222e-01
-1.130198530261449508e-01
0.000000000000000000e+00
0.000000000000000000e+00
0.000000000000000000e+00
-0.000000000000000000e+00
-0.000000000000000000e+00
0.000000000000000000e+00
-0.000000000000000000e+00
-0.000000000000000000e+00
0.000000000000000000e+00
-0.000000000000000000e+00
0.000000000000000000e+00
0.000000000000000000e+00
-0.000000000000000000e+00
-0.000000000000000000e+00
0.000000000000000000e+00
-0.000000000000000000e+00
0.000000000000000000e+00
4.723379437977272971e-02
0.000000000000000000e+00
-0.000000000000000000e+00
-0.000000000000000000e+00
0.000000000000000000e+00
-0.000000000000000000e+00
0.000000000000000000e+00
0.000000000000000000e+00
-0.000000000000000000e+00
0.000000000000000000e+00
0.000000000000000000e+00
-0.000000000000000000e+00
-0.000000000000000000e+00
-0.000000000000000000e+00
7.355016461439962960e-02
-0.000000000000000000e+00
-0.000000000000000000e+00
-0.000000000000000000e+00
-0.000000000000000000e+00
0.000000000000000000e+00
0.000000000000000000e+00
5.508587280287875476e-01
-0.000000000000000000e+00
0.000000000000000000e+00
0.000000000000000000e+00
-0.000000000000000000e+00
-0.000000000000000000e+00
0.000000000000000000e+00
1.277283967181754298e-01
-0.000000000000000000e+00
0.000000000000000000e+00
-1.003144185752157524e-01
2.422928746029010816e-01
-2.053661939689902793e-01
-0.000000000000000000e+00
4.448359303943398846e-01
-4.985060683234722456e-02
0.000000000000000000e+00
0.000000000000000000e+00
3.354713508423467494e-01
-0.000000000000000000e+00
0.000000000000000000e+00
-0.000000000000000000e+00
9.329721231064087156e-03
-4.211259083632629685e-01
-0.000000000000000000e+00
0.000000000000000000e+00
-3.002188153802226242e-02
0.000000000000000000e+00
-0.000000000000000000e+00
-4.849742085207694453e-01
-0.000000000000000000e+00
0.000000000000000000e+00
-1.327707175148275243e-01
-2.137853537860921194e-01
-0.000000000000000000e+00
0.000000000000000000e+00
-0.000000000000000000e+00
-0.000000000000000000e+00
-0.000000000000000000e+00
0.000000000000000000e+00
5.701904081909994204e-01
-0.000000000000000000e+00
0.000000000000000000e+00
0.000000000000000000e+00
-0.000000000000000000e+00
0.000000000000000000e+00
-6.500873308330278044e-02
0.000000000000000000e+00
-0.000000000000000000e+00
-0.000000000000000000e+00
-1.207795318969725890e-01
-5.370318282493959094e-02
1.477388514937652379e-02
0.000000000000000000e+00
-0.000000000000000000e+00
0.000000000000000000e+00
0.000000000000000000e+00
-0.000000000000000000e+00
2.492230115908220522e-01
1.213634731816217588e-01
0.000000000000000000e+00
-0.000000000000000000e+00
-0.000000000000000000e+00
-0.000000000000000000e+00
0.000000000000000000e+00
-0.000000000000000000e+00
-3.253056494457073344e-01
-2.695824922422024317e-01
0.000000000000000000e+00
-0.000000000000000000e+00
-0.000000000000000000e+00
-4.160246047273532533e-01
0.000000000000000000e+00
-0.000000000000000000e+00
-0.000000000000000000e+00
0.000000000000000000e+00
0.000000000000000000e+00
-0.000000000000000000e+00
0.000000000000000000e+00
-0.000000000000000000e+00
-0.000000000000000000e+00
5.524781303628994999e-01
0.000000000000000000e+00
-0.000000000000000000e+00
0.000000000000000000e+00
-0.000000000000000000e+00
0.000000000000000000e+00
-7.227434101384673515e-02
-0.000000000000000000e+00
2.512031872730174364e-01
-0.000000000000000000e+00
0.000000000000000000e+00
0.000000000000000000e+00
-0.000000000000000000e+00
1.883528656212486718e-01
0.000000000000000000e+00
9.648164911528246679e-02
0.000000000000000000e+00
-0.000000000000000000e+00
-2.082345097225924424e-01
-0.000000000000000000e+00
0.000000000000000000e+00
7.245901064218104315e-01
0.000000000000000000e+00
2.346726198689154108e-01
