7.175720901196730450e-02
-2.414700082341500742e-01
0.000000000000000000e+00
0.000000000000000000e+00
1.397089686879874650e-02
0.000000000000000000e+00
-0.000000000000000000e+00
-0.000000000000000000e+00
-0.000000000000000000e+00
0.000000000000000000e+00
0.000000000000000000e+00
-0.000000000000000000e+00
-0.000000000000000000e+00
-3.361391677051507321e-01
0.000000000000000000e+00
0.000000000000000000e+00
0.000000000000000000e+00
-0.000000000000000000e+00
2.374550081785723188e-01
0.000000000000000000e+00
-0.000000000000000000e+00
-0.000000000000000000e+00
0.000000000000000000e+00
-0.000000000000000000e+00
-0.000000000000000000e+00
4.614217846690404912e-01
0.000000000000000000e+00
4.456852761025067305e-02
-0.000000000000000000e+00
-4.903129012840435480e-02
-0.000000000000000000e+00
-0.000000000000000000e+00
-0.000000000000000000e+00
0.000000000000000000e+00
0.000000000000000000e+00
-0.000000000000000000e+00
-0.000000000000000000e+00
-0.000000000000000000e+00
-0.000000000000000000e+00
0.000000000000000000e+00
-1.507552785893201408e-01
0.000000000000000000e+00
8.832090478307820514e-02
0.000000000000000000e+00
-0.000000000000000000e+00
-1.329268080223693360e-01
-0.000000000000000000e+00
0.000000000000000000e+00
-0.000000000000000000e+00
0.000000000000000000e+00
-0.000000000000000000e+00
-5.748440913867484126e-01
-2.509838869468169475e-01
0.000000000000000000e+00
0.000000000000000000e+00
0.000000000000000000e+00
-0.000000000000000000e+00
-0.000000000000000000e+00
-0.000000000000000000e+00
0.000000000000000000e+00
-8.467519801988487860e-02
0.000000000000000000e+00
0.000000000000000000e+00
0.000000000000000000e+00
-3.081562215600504029e-01
-0.000000000000000000e+00
-0.000000000000000000e+00
-0.000000000000000000e+00
2.254227101203710726e-01
0.000000000000000000e+00
0.000000000000000000e+00
0.000000000000000000e+00
-0.000000000000000000e+00
-0.000000000000000000e+00
-0.000000000000000000e+00
0.000000000000000000e+00
-0.000000000000000000e+00
0.000000000000000000e+00
0.000000000000000000e+00
-0.000000000000000000e+00
2.422319988196150811e-02
2.697716214447071770e-01
0.000000000000000000e+00
-0.000000000000000000e+00
-0.000000000000000000e+00
8.516226356586805227e-03
-0.000000000000000000e+00
-0.000000000000000000e+00
0.000000000000000000e+00
0.000000000000000000e+00
-0.000000000000000000e+00
0.000000000000000000e+00
-6.862932597798493406e-02
4.452809963121041048e-01
0.000000000000000000e+00
-0.000000000000000000e+00
-0.000000000000000000e+00
4.881014200156962024e-02
0.000000000000000000e+00
-0.000000000000000000e+00
0.000000000000000000e+00
-2.012386549961762972e-01
-2.621791783965484179e-01
0.000000000000000000e+00
-0.000000000000000000e+00
-0.000000000000000000e+00
0.000000000000000000e+00
0.000000000000000000e+00
0.000000000000000000e+00
-2.136341075813120438e-01
0.000000000000000000e+00
0.000000000000000000e+00
-0.000000000000000000e+00
0.000000000000000000e+00
0.000000000000000000e+00
0.000000000000000000e+00
-0.000000000000000000e+00
-0.000000000000000000e+00
0.000000000000000000e+00
-0.000000000000000000e+00
-0.000000000000000000e+00
3.758087207018164788e-01
-0.000000000000000000e+00
0.000000000000000000e+00
-0.000000000000000000e+00
-0.000000000000000000e+00
-0.000000000000000000e+00
0.000000000000000000e+00
2.120293507663345567e-01
0.000000000000000000e+00
-0.000000000000000000e+00
0.000000000000000000e+00
0.000000000000000000e+00
-0.000000000000000000e+00
0.000000000000000000e+00
-4.230385368605740770e-02
0.000000000000000000e+00
-8.069518390614753567e-02
-0.000000000000000000e+00
0.000000000000000000e+00
0.000000000000000000e+00
-3.107338132457995172e-01
-0.000000000000000000e+00
0.000000000000000000e+00
-4.763291139560175691e-01
-0.000000000000000000e+00
0.000000000000000000e+00
-0.000000000000000000e+00
0.000000000000000000e+00
-0.000000000000000000e+00
-0.000000000000000000e+00
-1.457484226377279424e-01
-0.000000000000000000e+00
0.000000000000000000e+00
-0.000000000000000000e+00
0.000000000000000000e+00
0.000000000000000000e+00
0.000000000000000000e+00
0.000000000000000000e+00
-0.000000000000000000e+00
2.005206364381551809e-01
0.000000000000000000e+00
0.000000000000000000e+00
0.000000000000000000e+00
0.000000000000000000e+00
-0.000000000000000000e+00
-0.000000000000000000e+00
-0.000000000000000000e+00
-0.000000000000000000e+00
0.000000000000000000e+00
0.000000000000000000e+00
0.000000000000000000e+00
-0.000000000000000000e+00
0.000000000000000000e+00
-0.000000000000000000e+00
-0.000000000000000000e+00
-0.000000000000000000e+00
-1.175801242853354439e-01
-3.475562805031779945e-01
-0.000000000000000000e+00
-0.000000000000000000e+00
-0.000000000000000000e+00
0.000000000000000000e+00
-2.832675239899239417e-01
-0.000000000000000000e+00
-0.000000000000000000e+00
-0.000000000000000000e+00
-0.000000000000000000e+00
-0.000000000000000000e+00
0.000000000000000000e+00
0.000000000000000000e+00
6.415989758555870615e-02
-0.000000000000000000e+00
0.000000000000000000e+00
-0.000000000000000000e+00
-0.000000000000000000e+00
0.000000000000000000e+00
-0.000000000000000000e+00
0.000000000000000000e+00
2.399792596951845214e-01
0.000000000000000000e+00
0.000000000000000000e+00
0.000000000000000000e+00
-0.000000000000000000e+00
-0.000000000000000000e+00
0.000000000000000000e+00
-1.172062327404803234e-01
-0.000000000000000000e+00
0.000000000000000000e+00
-0.000000000000000000e+00
-1.440713792385223957e-01
0.000000000000000000e+00
3.238403532493180914e-01
-0.000000000000000000e+00
-0.000000000000000000e+00
-3.252798523378661044e-01
-0.000000000000000000e+00
-0.000000000000000000e+00
0.000000000000000000e+00
1.233280831508724723e-01
-0.000000000000000000e+00
0.000000000000000000e+00
0.000000000000000000e+00
-0.000000000000000000e+00
0.000000000000000000e+00
0.000000000000000000e+00
0.000000000000000000e+00
-0.000000000000000000e+00
-0.000000000000000000e+00
0.000000000000000000e+00
0.000000000000000000e+00
-0.000000000000000000e+00
-0.000000000000000000e+00
0.000000000000000000e+00
-0.000000000000000000e+00
-4.842419215362387536e-02
-1.214154532577647883e-01
0.000000000000000000e+00
-0.000000000000000000e+00
-0.000000000000000000e+00
0.000000000000000000e+00
0.000000000000000000e+00
2.026796089659388955e-01
1.291908976192548686e-01
0.000000000000000000e+00
0.000000000000000000e+00
0.000000000000000000e+00
-0.000000000000000000e+00
0.000000000000000000e+00
0.000000000000000000e+00
-0.000000000000000000e+00
0.000000000000000000e+00
-1.860771575123844335e-01
-0.000000000000000000e+00
0.000000000000000000e+00
-0.000000000000000000e+00
7.582004095405817101e-02
-2.474747362413556306e-01
0.000000000000000000e+00
0.000000000000000000e+00
8.115389293732270040e-03
-0.000000000000000000e+00
0.000000000000000000e+00
-0.000000000000000000e+00
-5.643321325573123076e-02
