-2.624130270102856821e-01
2.401225099141334196e-01
-3.356358088692714126e-01
-9.470412751707681098e-02
-1.641793153306004838e-01
1.435309824476068696e-01
-2.007808368036510249e-01
-6.070174208452167042e-02
-3.374227849266540624e-01
-1.465419628326018464e-01
4.705411834607774457e-01
6.431886072765476137e-02
-3.638735882010958878e-01
-1.507928319029191444e-01
1.345032081844887983e-02
3.525716334374193184e-02
-1.659323586153465535e-01
1.825102847174205900e-01
1.595387957570404414e-02
7.840636124716834909e-02
4.333535009513842517e-01
7.243022023042461344e-02
-1.674695072493436188e-01
-1.785957594016021333e-01
-6.822841941588014825e-01
5.321195823399207381e-01
2.174679718707593912e-01
1.591716298418318631e-01
-2.426857407787046950e-01
4.700254428479860858e-02
1.623792699582910226e-01
-1.089073642652785695e-01
3.550159567180934117e-02
-6.129825087570329734e-01
-3.920887666824779405e-02
5.761417475716381631e-01
3.874222378614883278e-01
1.204900109794824481e-01
-1.791833459943220908e-01
2.161100237167910831e-01
-4.736005933309467286e-01
-1.855953161119013595e-01
1.343661032580200920e-01
2.869190230562729815e-01
5.407285168961810662e-01
-2.466548035984024168e-01
2.854905584210468694e-01
-2.069348937622282891e-01
4.715959939630390285e-02
-2.722126936306578093e-01
1.847333582893325166e-01
-4.425733509909806074e-01
-3.474785400313309403e-01
1.040538389425131049e-01
-3.543607306816565217e-01
-3.171602725603526740e-01
4.131990555612378713e-01
1.698823284448138238e-01
1.897344116464302621e-01
5.656640162619948065e-01
-1.284756756245806208e-01
6.909146856047894136e-01
-2.680308499645168152e-01
4.035800541667441954e-01
1.702268774667848317e-01
3.922695287577215861e-02
2.268379084331292872e-01
-1.074037060832319507e-01
-6.040922697515904022e-02
-3.678233994239149540e-01
1.075301538962224607e-01
-1.919737447035900213e-01
1.509473731296434584e-02
-1.910322102083678864e-01
-1.757398951277928112e-01
-5.315053335292824199e-01
1.168179875766854614e-01
4.134405180788761069e-01
5.065168103162505375e-02
-3.138082392266865472e-01
5.238208616396489159e-01
6.151128286271764223e-01
4.527420676771187757e-01
-3.025029343475691412e-01
-2.497678604092326560e-01
-1.406162423550147145e-01
7.511171597319855897e-02
-1.650481556344439160e-01
5.525286473449654290e-01
2.840647666247696490e-01
1.050286124432470714e-01
-6.723487161202026940e-02
7.270468225735791101e-01
1.826953331245449730e-01
1.371518538175244273e-01
-6.788368351618561114e-01
-1.113024909550806296e-01
-4.225336256683949188e-01
2.421114440362264753e-01
-4.256313952407197454e-01
3.582907127420846827e-01
-6.401602063158685629e-01
-3.555656001805612698e-02
-3.966873771346418609e-01
1.854826907694936133e-01
-1.541346517310555053e-01
6.710421382885791708e-01
5.549972487946682742e-01
-5.040123453672125109e-01
-4.423940465614460416e-01
4.025876379802183491e-01
-3.239316562858483017e-01
-5.955787855509622197e-01
-8.242163382970546515e-02
-6.612840725730809166e-02
9.558518336780739977e-02
3.171160798991592422e-01
4.832978780119152606e-01
-8.190570906229847903e-02
-8.046495927583330321e-01
5.050153834657452601e-01
-3.070043274216612827e-01
-2.798855703763549196e-01
3.235877653663963294e-01
-1.066572042422325728e-01
-2.716258884662997586e-01
-7.642114689996604149e-02
2.424179969150027092e-01
-2.136899662035609271e-01
2.235142511874778914e-01
3.002328257054736604e-01
2.185153537212250752e-01
-7.175441598446471447e-01
-2.574537681739398343e-01
-3.865194280222948864e-01
5.453294420916110496e-02
1.861898666531059121e-01
4.083980106149086575e-01
2.979528067302236738e-02
-7.661441288768255919e-02
2.115714023199579963e-01
-5.133025229443332060e-01
1.844666022329127797e-01
3.382199318489215734e-01
-3.802386459899191329e-01
1.629995762655032099e-01
2.040909028071573039e-01
2.999217971388139226e-02
2.029518839366466904e-02
2.795005131416284927e-01
-1.147663833240626097e-01
1.490095241854567654e-01
3.815411054856765460e-01
5.460234846775466888e-01
-1.265431138307584746e-01
3.955973897649775473e-01
-2.007795736468769299e-01
-2.038107271046566971e-01
8.871362971544223541e-02
4.602766809736497100e-01
-3.644019990243210771e-01
4.870132971564712365e-01
2.768645974918902963e-01
-5.744787192908231699e-01
-5.062423703163919653e-01
-1.822123808208285234e-01
3.867474818780201051e-01
-3.708986210437441033e-01
-4.756232818992748856e-01
-2.528917862275700812e-01
-1.040064650736990670e-01
-6.532834176395705406e-01
2.009117316146067922e-01
-2.239896152214438385e-01
7.728374198758941604e-02
-2.015998930862288596e-01
-2.729329626214408999e-01
1.008503944043069589e-01
-2.325387832132266852e-01
2.322104645055195760e-01
8.117962356426644543e-02
7.099927835629982198e-02
-5.975500380097790165e-01
-4.581526682709862741e-01
1.135962457050015972e-02
4.485373406599610369e-01
1.911316951930520369e-01
1.068819540473560509e-01
2.478593978177406898e-01
-3.079895474072878447e-01
4.594625542497698945e-01
5.690717484270700899e-01
-4.631686677144205566e-01
2.186213807972693657e-01
5.511797262620271587e-01
-4.626985958140283905e-01
-1.002527609011736598e-01
3.872006586415343010e-01
2.304031279352523609e-01
-3.986394245191422492e-01
9.618393893895468838e-02
1.748063171022665174e-02
-4.487960145553007152e-01
-2.830194343976186189e-01
3.782939863609084408e-01
-2.509220481800082392e-01
-1.341455874894871905e-03
1.657831008185384480e-01
-2.733797294539060396e-01
1.262377503018136116e-02
-4.149159325131974163e-01
-3.886773961724432347e-03
9.792808630202448628e-02
-1.811677798956736196e-01
2.663195046423205148e-01
-1.154449018425840884e-01
-1.351855634253915084e-01
-3.510272286354316346e-02
2.236569681128791065e-01
-1.272745607543428747e-01
-8.250011665699615027e-02
4.771541682595654976e-02
-2.176873233384468698e-02
-1.240778636515693922e-01
2.716147187810512564e-01
1.247830338704026681e-01
-5.157149916385600497e-01
-1.057896965574854631e-01
-9.864726040909321814e-02
4.596234761904735011e-01
-6.076521494694099579e-02
-4.103585803879791771e-02
6.228614007557145005e-01
6.216837558338155212e-01
-2.626482120837020373e-02
-3.895140642077451476e-01
3.139391322705390452e-01
2.144567005511984759e-01
4.583379100246873783e-01
4.131479575724463782e-01
8.450214971335066882e-02
4.251693068587870106e-01
3.937899955857045997e-01
6.191315630026550387e-01
-5.560173394971885674e-01
-7.183304328380635262e-01
1.382648790031999059e-02
5.277352792866476516e-01
-5.101171158441719644e-03
-4.481443339754727084e-01
5.718959164151906638e-01
-4.746385813501814016e-02
4.775725288958976300e-01
1.778352018525732603e-01
-1.873991835550548601e-01
2.768342543659161326e-01
-4.274582579455631359e-01
-3.512864253955252924e-01
2.814138799983469941e-01
-2.304118223451624425e-01
-3.518989205453237901e-01
1.773803937050029700e-01
-1.752779909531625435e-01
4.440630597645099376e-01
3.281445532858451863e-01
