-9.208130358542249150e-02
5.410351128554969913e-01
1.351180803221422311e-01
1.548440722140651260e-01
8.884282728505715765e-02
-2.225177323135374766e-02
4.528166011402681157e-01
-8.008840335695907586e-02
-3.284627588005385734e-02
1.774348876847655354e-01
-3.997833167686242750e-01
2.930952948058555552e-01
-6.051801876629695626e-02
-6.537447591323564816e-03
-2.891398770777936500e-01
3.815912060713721327e-02
-1.416364421634772053e-01
4.739847108775571138e-01
2.787848463896719364e-01
4.467825945100498131e-01
1.629914161668681305e-01
1.797585605275267839e-01
-3.249022332460464735e-02
1.373572822680313443e-01
4.195128690102005453e-02
8.876947056454634333e-02
3.554231027176243951e-02
1.157052609631121221e-01
-3.273094518513872120e-01
3.830478718362788637e-01
1.379480947251155443e-01
-1.059270919611830786e-01
-1.634998152371617830e-01
5.120314317092265755e-02
5.150100014022209738e-01
-4.346798340601741861e-01
-4.340203295823800156e-01
1.760814032988074762e-01
-2.197238400508752243e-01
-2.211695895476763485e-01
6.144350038251716883e-01
-4.179936267545605877e-01
2.303113364277255271e-01
3.374893198419851026e-01
-3.178975615441066993e-01
4.833384972083005354e-02
-3.989737729638214159e-01
2.759318471234363801e-01
-1.527085101563215377e-02
-6.947588990303311673e-01
2.627392094071271389e-01
1.672427381463770235e-01
1.154754775941429223e-01
4.640679437483126446e-02
-3.158391976944393553e-01
2.745599232653261890e-01
3.848971222618922661e-01
2.537486301976489278e-01
-2.513236139935542957e-01
-9.367562124969512627e-02
2.410552185394938540e-01
-7.964428515647922757e-04
3.323406962069561654e-01
-6.227236067186237012e-01
-2.180905774465924721e-02
3.879390177361269898e-01
2.691360160466733653e-01
-4.736161583996861824e-01
1.095784437198217692e-01
2.044298766438799528e-03
4.047549990589233149e-01
-3.647900408057168087e-01
3.430049875027649797e-01
3.247031672231844857e-01
-4.836267690305641187e-01
-2.782467736655795387e-01
-3.953557162129698460e-02
5.715791490483326243e-01
-3.008093470913681400e-01
-1.330192956552636308e-01
3.138842957754646168e-01
-9.825899920139352650e-03
-3.707411159370986864e-01
-9.767483493090253072e-03
-4.407219284303632856e-01
3.974336906132591163e-01
-6.223341766547636489e-01
-6.169091397693035050e-01
5.837195180743303125e-01
-3.421407121658103651e-02
5.817675816104437431e-02
-3.651416985616859900e-01
3.847654257444967363e-01
1.731484564601897258e-01
2.201352179347224325e-01
3.106596111904744717e-01
3.820456362901771263e-01
-6.512164461016575756e-02
-3.087540327001730978e-01
5.065489458648316651e-02
-3.123379000449957310e-01
-1.446540787116510074e-01
-3.020793344688337823e-01
-6.140887091220047500e-01
3.664438794436590818e-01
-6.011853678168598281e-01
5.153360726013132137e-02
4.840473273739764326e-01
3.778400699505315985e-01
2.057407520522786804e-01
-6.179995945511302519e-02
-7.017697178821846737e-02
4.417115318359554066e-01
-8.872389776858204125e-02
5.450871584215768451e-01
-3.109872911443364307e-01
3.383006955702597685e-01
8.229858007235454354e-01
-2.842957983450817849e-01
5.790616984500873698e-01
-6.507745783632220560e-01
-1.824170845073539715e-01
4.724620999070071325e-02
-3.964441325233519220e-01
2.161531449601163113e-02
-3.023712519928519749e-01
-1.363733675320730476e-01
-9.461137638953021067e-02
-4.194645552505475022e-02
-2.861099852503909413e-01
4.561676539780082917e-01
5.678366235311656240e-02
1.739477699007009326e-01
2.082039885908384957e-01
6.038127323607286878e-02
2.723483641254640375e-01
3.376465370174190905e-01
5.668656707776882353e-01
-2.096033410780100137e-01
-4.660954455104472927e-01
-3.729577781862869479e-01
-5.682309965507071903e-01
4.823654832818829452e-01
2.160669389899828874e-02
1.621981350373915554e-01
-1.967358155499440708e-01
5.589092955146076486e-02
2.255882952328005508e-01
-2.250815385473863006e-02
1.198497919857834972e-02
-6.076039414505215452e-01
-2.649138684088112039e-01
-3.718688490717363404e-01
3.169226148968370405e-01
-3.506564696308532292e-01
-3.396027428241355506e-01
-1.040697977873659974e-01
1.109967448690110658e-01
-8.740979652153696433e-02
-2.463704491725166590e-01
3.724179541996363030e-01
-8.390579061884581580e-02
-9.958784719376133354e-02
6.631092061187987552e-01
-2.031814903061006095e-01
3.753789365711912573e-03
-2.911855031780136160e-01
-2.781181456617257686e-01
-3.922260334840624862e-01
-1.493655620898232672e-01
2.807996677553032394e-01
-3.492895604061641013e-01
-1.629780322378182600e-01
3.811104118627144377e-01
-4.516142607101943929e-01
1.846882452677434394e-01
5.947376747640333861e-01
3.785264146456570056e-01
4.385911500521144646e-02
-5.104766907303017742e-01
2.630381376959669559e-01
-3.708760466975165038e-01
2.190108902748894026e-01
2.313902639896356361e-01
-5.262191813162623300e-01
3.764738361192572491e-02
3.074053461528756248e-01
-5.587780875518232049e-02
-7.064380042619652356e-01
1.964899588880010817e-01
1.908846318481014770e-01
1.409465306366380344e-01
-9.191830772042866582e-02
-4.868808977060761212e-01
4.264789181018538433e-01
-4.302821743197081106e-01
-5.562018575332732251e-01
-3.979114876924817468e-01
9.928759997526821757e-02
-1.615068234954793736e-01
-3.249560755274686352e-01
-2.410032032094860388e-01
3.052872544006843825e-01
-2.799134437237163486e-01
-3.741271896442486811e-01
2.646072654903445787e-01
6.802963602840760016e-02
-2.674459963907188098e-01
5.180499139616548954e-01
-1.472751868687341981e-01
-3.255493050836658631e-01
-2.258831947804703644e-01
3.571288636850412923e-02
1.918038247112829886e-01
3.686523530523598546e-02
-1.131664283944283644e-01
-7.112120615394368350e-01
5.653907853769952752e-01
-1.889063762775429756e-01
2.433233108732731909e-01
1.943447719225482179e-02
3.123727886554595878e-01
2.886090008710494592e-01
-2.295958932346442438e-01
4.236254385067999562e-01
9.932525125695836066e-02
2.177138312788270968e-01
1.160327419565706925e-01
3.243132409423888918e-01
-1.720785037712725674e-01
-9.187594882737272484e-02
3.598286286637964460e-01
5.101950488386084448e-01
5.847431110643117602e-01
2.946729099109121619e-01
5.921696324120810651e-02
4.766630308327576282e-01
-5.177651371782949763e-01
2.168865862154895074e-01
4.245395139050495703e-01
-8.109926694469307695e-02
-3.658991863511998344e-01
-1.566565056993056704e-01
8.382458089607128238e-02
-4.536774183942970939e-01
-5.657429073521753893e-02
2.394873707398541551e-01
-4.139854842406353042e-01
-1.524802546856383889e-01
-7.579061925014604628e-03
1.403336697578096703e-01
-4.171331054123010307e-01
1.035990513449761286e-01
3.677833647706104103e-01
2.878207453473373700e-01
-5.191112423089612182e-01
-1.560575347827532211e-02
5.214838030900772470e-01
5.979679557314878657e-01
5.210611329151160209e-01
-3.587054729262267871e-01
5.675369611675485926e-01
-2.846768910245904838e-01
1.761992393221511466e-01
4.803610738454039408e-01
