-0.000000000000000000e+00
0.000000000000000000e+00
-0.000000000000000000e+00
-0.000000000000000000e+00
-0.000000000000000000e+00
0.000000000000000000e+00
0.000000000000000000e+00
-0.000000000000000000e+00
-0.000000000000000000e+00
-0.000000000000000000e+00
0.000000000000000000e+00
0.000000000000000000e+00
-0.000000000000000000e+00
-0.000000000000000000e+00
2.771222890495169539e-02
0.000000000000000000e+00
-0.000000000000000000e+00
-0.000000000000000000e+00
-0.000000000000000000e+00
-1.707387157548315437e-01
-0.000000000000000000e+00
-0.000000000000000000e+00
0.000000000000000000e+00
0.000000000000000000e+00
4.460888616999196254e-01
-0.000000000000000000e+00
0.000000000000000000e+00
-0.000000000000000000e+00
-0.000000000000000000e+00
-0.000000000000000000e+00
-0.000000000000000000e+00
-0.000000000000000000e+00
-3.200626195495807624e-01
-0.000000000000000000e+00
0.000000000000000000e+00
-0.000000000000000000e+00
-0.000000000000000000e+00
1.643707041395204085e-02
-0.000000000000000000e+00
-0.000000000000000000e+00
-6.203264408831232063e-02
-0.000000000000000000e+00
-0.000000000000000000e+00
-0.000000000000000000e+00
-1.647990065936694448e-01
-0.000000000000000000e+00
-1.921049595476223559e-01
-0.000000000000000000e+00
-0.000000000000000000e+00
-0.000000000000000000e+00
-0.000000000000000000e+00
0.000000000000000000e+00
-0.000000000000000000e+00
-0.000000000000000000e+00
-0.000000000000000000e+00
0.000000000000000000e+00
0.000000000000000000e+00
0.000000000000000000e+00
-0.000000000000000000e+00
0.000000000000000000e+00
0.000000000000000000e+00
-0.000000000000000000e+00
0.000000000000000000e+00
0.000000000000000000e+00
-0.000000000000000000e+00
0.000000000000000000e+00
0.000000000000000000e+00
-4.697544948828945299e-02
-0.000000000000000000e+00
0.000000000000000000e+00
3.556051606775407214e-01
-0.000000000000000000e+00
0.000000000000000000e+00
1.501871549948748663e-01
-0.000000000000000000e+00
0.000000000000000000e+00
0.000000000000000000e+00
0.000000000000000000e+00
0.000000000000000000e+00
1.179092188470597380e-01
2.689291138716151663e-01
0.000000000000000000e+00
0.000000000000000000e+00
-0.000000000000000000e+00
0.000000000000000000e+00
0.000000000000000000e+00
-0.000000000000000000e+00
-0.000000000000000000e+00
1.171849065848093174e-01
0.000000000000000000e+00
-0.000000000000000000e+00
-0.000000000000000000e+00
-0.000000000000000000e+00
8.408910337568741011e-02
-1.297529879120275058e-02
-0.000000000000000000e+00
0.000000000000000000e+00
8.044093061908749731e-02
0.000000000000000000e+00
-0.000000000000000000e+00
-0.000000000000000000e+00
0.000000000000000000e+00
-0.000000000000000000e+00
0.000000000000000000e+00
0.000000000000000000e+00
0.000000000000000000e+00
-0.000000000000000000e+00
0.000000000000000000e+00
-0.000000000000000000e+00
-0.000000000000000000e+00
-0.000000000000000000e+00
2.727025453313970393e-01
0.000000000000000000e+00
-0.000000000000000000e+00
0.000000000000000000e+00
0.000000000000000000e+00
-1.108016409348028114e-01
0.000000000000000000e+00
-0.000000000000000000e+00
0.000000000000000000e+00
0.000000000000000000e+00
0.000000000000000000e+00
0.000000000000000000e+00
-4.636620926484802951e-01
-0.000000000000000000e+00
0.000000000000000000e+00
-0.000000000000000000e+00
-4.604605174267686896e-01
1.420346509741577529e-02
0.000000000000000000e+00
-0.000000000000000000e+00
-1.946327695441736963e-02
-0.000000000000000000e+00
-0.000000000000000000e+00
-0.000000000000000000e+00
-0.000000000000000000e+00
-0.000000000000000000e+00
-4.176670441834147429e-02
-0.000000000000000000e+00
-2.037308986135673849e-01
-0.000000000000000000e+00
2.070122595636085250e-01
0.000000000000000000e+00
-0.000000000000000000e+00
0.000000000000000000e+00
0.000000000000000000e+00
0.000000000000000000e+00
0.000000000000000000e+00
-0.000000000000000000e+00
-0.000000000000000000e+00
-7.585957603490715850e-02
0.000000000000000000e+00
1.641122203940718893e-01
-0.000000000000000000e+00
-1.281889311618940597e-01
0.000000000000000000e+00
-0.000000000000000000e+00
-1.828292980827560602e-02
-0.000000000000000000e+00
0.000000000000000000e+00
-0.000000000000000000e+00
1.359580428564091115e-01
0.000000000000000000e+00
0.000000000000000000e+00
-1.752021157012328967e-01
-1.290154670050592256e-01
0.000000000000000000e+00
0.000000000000000000e+00
0.000000000000000000e+00
0.000000000000000000e+00
-0.000000000000000000e+00
0.000000000000000000e+00
0.000000000000000000e+00
0.000000000000000000e+00
0.000000000000000000e+00
0.000000000000000000e+00
0.000000000000000000e+00
-0.000000000000000000e+00
-3.136195033086613404e-01
-3.137557420590779134e-01
-0.000000000000000000e+00
1.351548637765450367e-01
-0.000000000000000000e+00
-0.000000000000000000e+00
7.369293514643306120e-02
0.000000000000000000e+00
0.000000000000000000e+00
-0.000000000000000000e+00
-0.000000000000000000e+00
0.000000000000000000e+00
0.000000000000000000e+00
7.845878064958447529e-02
-0.000000000000000000e+00
-0.000000000000000000e+00
0.000000000000000000e+00
-1.575875056652243922e-01
0.000000000000000000e+00
0.000000000000000000e+00
0.000000000000000000e+00
0.000000000000000000e+00
-0.000000000000000000e+00
0.000000000000000000e+00
-0.000000000000000000e+00
-0.000000000000000000e+00
-1.644211592590138216e-01
0.000000000000000000e+00
-0.000000000000000000e+00
0.000000000000000000e+00
-0.000000000000000000e+00
0.000000000000000000e+00
0.000000000000000000e+00
-0.000000000000000000e+00
-0.000000000000000000e+00
1.282379241664556302e-01
-0.000000000000000000e+00
-0.000000000000000000e+00
0.000000000000000000e+00
-0.000000000000000000e+00
-0.000000000000000000e+00
0.000000000000000000e+00
0.000000000000000000e+00
-0.000000000000000000e+00
0.000000000000000000e+00
-0.000000000000000000e+00
-0.000000000000000000e+00
0.000000000000000000e+00
0.000000000000000000e+00
-0.000000000000000000e+00
-0.000000000000000000e+00
3.489455566784251811e-02
0.000000000000000000e+00
0.000000000000000000e+00
0.000000000000000000e+00
0.000000000000000000e+00
0.000000000000000000e+00
0.000000000000000000e+00
3.116263277437900658e-01
-6.866349761146264830e-03
-0.000000000000000000e+00
0.000000000000000000e+00
0.000000000000000000e+00
-0.000000000000000000e+00
0.000000000000000000e+00
-6.905149658481478381e-02
-0.000000000000000000e+00
-0.000000000000000000e+00
-0.000000000000000000e+00
0.000000000000000000e+00
1.237300941859240666e-01
9.366371311799787103e-02
0.000000000000000000e+00
0.000000000000000000e+00
0.000000000000000000e+00
0.000000000000000000e+00
0.000000000000000000e+00
-0.000000000000000000e+00
-0.000000000000000000e+00
4.514166851944119152e-01
0.000000000000000000e+00
-0.000000000000000000e+00
-0.000000000000000000e+00
-3.995597495842396207e-01
0.000000000000000000e+00
-1.475079748162222149e-01
2.491013003800313444e-02
