-8.498384670991926404e-02
-1.403665516487118126e-01
-2.674554295726807029e-01
-7.257217355927617075e-03
-5.887895458618425809e-02
-3.294908059929143040e-01
7.999129980138397489e-02
7.358169375023192529e-03
-3.022623721927470905e-02
2.069357845210957891e-01
1.832044875456188826e-02
5.162512961505286851e-02
-2.864790786673409584e-01
-2.195677794471574407e-01
-5.192389000873847138e-01
2.318803390599322167e-01
2.075773218391425978e-02
6.196434040056364445e-02
2.031847020203468232e-02
4.013410437208677489e-03
-1.588503204260163088e-02
1.208805608113641683e-01
-1.511080083504484917e-01
-1.796240240833960611e-01
-3.954485557911981419e-01
6.045410166732586577e-01
-1.978445631375565505e-01
4.898132280971036201e-02
1.673205257105941646e-01
7.041881119099668851e-02
2.884495820920104370e-01
-4.415408740385979858e-01
2.661383454262922221e-01
5.541981500765964519e-01
-3.298140278395769176e-01
5.472627366765183687e-01
-2.350692951094853766e-01
-8.702548633532114497e-02
1.429555741725493379e-01
-6.605557057767388329e-01
-1.145962699293351650e-01
-2.658590097810273889e-01
-2.716041775654094992e-01
4.183898093385090416e-02
1.117920602182961021e-01
4.534738270414918060e-01
-7.631303419385321307e-02
-2.158661246892207564e-01
6.948366620432332164e-02
-1.799968007691780669e-01
2.975286259306876846e-01
1.920197890190912804e-01
-5.767673346924613309e-01
-4.021664855888530954e-01
1.055050437086392928e-01
-1.731466218978833516e-01
-7.380815072935476007e-03
-3.908963914943821422e-02
-1.409146930933609654e-01
2.612471749281872202e-02
1.306374182071632362e-01
-5.612273520953024730e-02
4.776516456373778308e-01
1.231055650626609599e-01
9.404047530480784400e-02
3.769649889327915671e-01
1.945158496214513255e-01
-3.860766149528748192e-01
-7.375124979382891022e-02
1.303381224870541755e-01
-1.402266075011630586e-01
-3.103803122375405343e-01
-5.715094110349538958e-01
-2.065366761892546421e-01
-3.937324287199850392e-02
1.518662749041460314e-01
2.700007847515518700e-01
-9.802385884525093018e-02
-9.084680580960986795e-02
2.351480098428549576e-02
-2.500405498990381226e-01
-9.149327766203116385e-02
-5.276102093981285823e-02
-2.315551756149564488e-01
2.306916100854556340e-01
8.015403690877982712e-02
1.654046706645933562e-01
-1.171294914259423670e-01
-1.317547476378926885e-01
2.652125406950101016e-01
4.940834871777433079e-03
3.098387083161559859e-03
-3.076178507302088430e-02
-2.564317932554287527e-01
-3.528605896710119288e-02
-1.162569292540776705e-01
-4.007436088114522676e-01
-3.042815915790256925e-02
1.604966762848812900e-01
1.252637582191030302e-02
-2.163561376204904962e-01
-2.085357069916383421e-01
3.743905414721753200e-01
2.039456834930594709e-01
3.290323851706862257e-01
-2.487229960317647592e-01
-3.413570543641524790e-01
-2.423284388939700718e-01
-4.138517871881044474e-01
-1.583333262738431668e-01
1.415533919053115208e-01
-4.365921678576303866e-02
-1.343095528494689384e-01
-2.860382898249210770e-01
5.399933444510620628e-01
6.497853054336165390e-02
-1.062330847226514302e-01
-1.837252689501985836e-01
-2.349287234462948681e-01
1.422699427248920456e-01
3.722592338915100552e-01
1.664410843513896843e-01
1.144726890805486536e-01
-3.489756907404149011e-01
5.696940102876250217e-02
1.797462014812524489e-01
6.473736946336337006e-01
-3.394467575139310522e-01
-6.244895527025844106e-02
-1.709880115261262074e-02
-4.852089523503873569e-01
9.269281581183423657e-02
3.221415876006451517e-01
-3.126339024684638562e-02
-1.082362339159416431e-01
1.546986843415167900e-01
6.633713036740457314e-03
3.782940747288078831e-01
-8.207177397950787823e-02
1.065008004197468133e-01
4.137990542069535649e-01
-1.709358060728538575e-01
1.635291857408139038e-01
3.394702813249394491e-01
8.601818530472121749e-02
-1.097594147101268874e-01
-1.383009787890157050e-01
-4.025682262545669521e-01
8.861234518830095330e-02
4.703253049396944468e-02
-1.604685627714425022e-01
3.779922739246124180e-02
1.659327455235888316e-01
6.116691710836419382e-02
2.670245111223032985e-01
-2.001242981639024254e-01
-2.676383459060825976e-01
3.938609981069401411e-01
4.851270141340770226e-03
-5.679300944894720704e-01
-2.825997810036313118e-01
-3.782656482201426917e-03
7.728087308299261271e-02
2.702512446457843720e-01
2.683414133491682230e-01
3.839894104165923472e-01
6.009674605365944444e-03
4.189273323779470481e-01
7.087711093464207739e-03
-2.548295251375723436e-01
3.946827113244245622e-01
2.461709010110870455e-01
-2.748133564666921935e-01
-1.664819633642763141e-01
4.733350855009569313e-01
1.122234953991906384e-02
1.410556147778417764e-02
1.744787406845691446e-01
-3.020338506527141531e-01
-1.400979636501841208e-01
-6.257863451186264359e-02
-7.409364694969330228e-03
-4.654187757721525154e-01
-1.440011095986062639e-01
2.258979676554412896e-01
-2.514011977103492446e-01
-1.747493012985697758e-01
-1.243559765933336808e-01
2.878043114138857383e-01
-1.243774859632675311e-01
2.514339903888298394e-03
-3.098716093468276145e-01
2.108489541595339745e-01
2.150017074837455577e-02
-4.314256534521122566e-01
2.123069780862333333e-01
-2.548249524014101902e-03
1.777530387177452820e-01
2.221103669728387575e-01
-1.329615576989341338e-02
6.633044161493065194e-02
-2.383689834886127401e-01
1.105788930817717119e-01
-2.284944785143754389e-02
-3.715370456336365423e-01
4.542413541927566301e-01
-1.598533188437233632e-01
1.644026156400846955e-02
-2.725266427633843414e-02
-2.021211770104817118e-01
-1.638763438090880264e-02
-3.331358711830944008e-01
3.203676574813182909e-01
-3.004758364310897850e-02
1.129641674587346656e-01
-1.730950670536600122e-01
1.453138934907141633e-01
-2.770873485333263941e-02
9.747924424664114462e-02
6.408426140336086207e-02
-1.145266727125879291e-03
-1.765861172163004159e-02
5.235852562756205808e-01
1.820951684347414667e-01
-2.141074729674433130e-01
3.797858954646084889e-02
-6.819454477864141106e-02
5.432554823172861536e-01
3.259842673955684611e-01
-1.459481234037411368e-01
-1.538770389575144781e-01
-3.564961207507510998e-01
-3.218506166645765387e-01
2.344347250713723074e-01
-3.632659144879057944e-02
-3.927248181191546617e-01
-1.529904072258246595e-01
-3.332763411455463287e-01
3.804930591292032815e-01
3.090568340678014336e-01
-5.284015247198403653e-01
3.366825000343598440e-01
8.971836819374648386e-02
4.021986317170701541e-01
3.853799083579141638e-03
-5.602492369922068560e-01
1.071926649345496252e-01
1.394833520803552898e-02
-2.649016288561438226e-01
-6.516092603401738015e-02
1.114713467256093771e-01
1.256459444133001258e-01
-1.392052419340453484e-01
-1.577617587323407733e-01
-2.852801900460320006e-01
6.205679526413827862e-02
2.225635305690253918e-01
-1.482022202413538770e-01
1.051642304991459720e-01
-2.519112084779451810e-01
-1.507234128438325049e-01
-2.827844623090143561e-02
5.647119496746856315e-01
-9.839510817717708746e-02
-2.809757169572238977e-01
