0.000000000000000000e+00
0.000000000000000000e+00
-1.585736593829017715e-01
-0.000000000000000000e+00
-3.782208404853915074e-01
-0.000000000000000000e+00
-5.332876173931622860e-03
-4.833634323499890750e-01
0.000000000000000000e+00
0.000000000000000000e+00
-0.000000000000000000e+00
0.000000000000000000e+00
-5.396136002447800978e-02
-0.000000000000000000e+00
0.000000000000000000e+00
0.000000000000000000e+00
3.763684544005109836e-03
-0.000000000000000000e+00
5.665931728427228004e-02
-0.000000000000000000e+00
-5.947241029171396881e-02
0.000000000000000000e+00
-0.000000000000000000e+00
-0.000000000000000000e+00
0.000000000000000000e+00
0.000000000000000000e+00
-0.000000000000000000e+00
-0.000000000000000000e+00
0.000000000000000000e+00
-0.000000000000000000e+00
-0.000000000000000000e+00
0.000000000000000000e+00
0.000000000000000000e+00
2.504247653756124237e-01
0.000000000000000000e+00
0.000000000000000000e+00
0.000000000000000000e+00
0.000000000000000000e+00
-0.000000000000000000e+00
0.000000000000000000e+00
0.000000000000000000e+00
-0.000000000000000000e+00
0.000000000000000000e+00
0.000000000000000000e+00
0.000000000000000000e+00
0.000000000000000000e+00
-0.000000000000000000e+00
0.000000000000000000e+00
0.000000000000000000e+00
0.000000000000000000e+00
-0.000000000000000000e+00
-0.000000000000000000e+00
1.186770393648501898e-01
-0.000000000000000000e+00
0.000000000000000000e+00
0.000000000000000000e+00
0.000000000000000000e+00
-1.140737610194257345e-01
-0.000000000000000000e+00
-0.000000000000000000e+00
0.000000000000000000e+00
0.000000000000000000e+00
0.000000000000000000e+00
-0.000000000000000000e+00
5.554841063364585052e-02
0.000000000000000000e+00
0.000000000000000000e+00
-0.000000000000000000e+00
1.826472143231901157e-01
-0.000000000000000000e+00
-0.000000000000000000e+00
-0.000000000000000000e+00
0.000000000000000000e+00
-0.000000000000000000e+00
7.336209807469518118e-02
0.000000000000000000e+00
-0.000000000000000000e+00
0.000000000000000000e+00
-0.000000000000000000e+00
1.306197199763283467e-01
-0.000000000000000000e+00
0.000000000000000000e+00
0.000000000000000000e+00
0.000000000000000000e+00
-2.524866189906613267e-01
1.101446486372398142e-01
8.836787292868385213e-02
-0.000000000000000000e+00
-0.000000000000000000e+00
0.000000000000000000e+00
-0.000000000000000000e+00
-5.076561863928114038e-01
0.000000000000000000e+00
0.000000000000000000e+00
-0.000000000000000000e+00
-0.000000000000000000e+00
-0.000000000000000000e+00
-6.274449044234174655e-02
-0.000000000000000000e+00
0.000000000000000000e+00
0.000000000000000000e+00
0.000000000000000000e+00
0.000000000000000000e+00
0.000000000000000000e+00
0.000000000000000000e+00
-0.000000000000000000e+00
-0.000000000000000000e+00
-0.000000000000000000e+00
0.000000000000000000e+00
0.000000000000000000e+00
-0.000000000000000000e+00
-2.522661967856636434e-01
0.000000000000000000e+00
-0.000000000000000000e+00
-0.000000000000000000e+00
0.000000000000000000e+00
-7.330474389741792329e-02
-0.000000000000000000e+00
-1.132752877997073859e-01
0.000000000000000000e+00
0.000000000000000000e+00
0.000000000000000000e+00
0.000000000000000000e+00
-0.000000000000000000e+00
0.000000000000000000e+00
-0.000000000000000000e+00
-0.000000000000000000e+00
-0.000000000000000000e+00
0.000000000000000000e+00
-0.000000000000000000e+00
0.000000000000000000e+00
-0.000000000000000000e+00
-0.000000000000000000e+00
-0.000000000000000000e+00
-0.000000000000000000e+00
-1.086437008945577987e-01
-0.000000000000000000e+00
0.000000000000000000e+00
1.086394432318716630e-01
0.000000000000000000e+00
-0.000000000000000000e+00
-0.000000000000000000e+00
-0.000000000000000000e+00
0.000000000000000000e+00
-0.000000000000000000e+00
-1.372790352182470530e-01
-0.000000000000000000e+00
0.000000000000000000e+00
0.000000000000000000e+00
0.000000000000000000e+00
0.000000000000000000e+00
-0.000000000000000000e+00
-0.000000000000000000e+00
0.000000000000000000e+00
-2.155982921750527765e-03
0.000000000000000000e+00
-1.079251277358162786e-01
0.000000000000000000e+00
0.000000000000000000e+00
8.692994491681553873e-03
-0.000000000000000000e+00
-6.693941680377218928e-01
-0.000000000000000000e+00
-0.000000000000000000e+00
4.332175978879634348e-01
0.000000000000000000e+00
0.000000000000000000e+00
-9.830763768803213454e-02
0.000000000000000000e+00
-0.000000000000000000e+00
-0.000000000000000000e+00
-0.000000000000000000e+00
-2.520189074766026049e-01
-0.000000000000000000e+00
0.000000000000000000e+00
-0.000000000000000000e+00
-1.636599598619051799e-01
0.000000000000000000e+00
8.779331701126584508e-02
0.000000000000000000e+00
0.000000000000000000e+00
0.000000000000000000e+00
-0.000000000000000000e+00
0.000000000000000000e+00
8.677704945906504486e-02
0.000000000000000000e+00
0.000000000000000000e+00
-0.000000000000000000e+00
-7.640822559992217766e-02
0.000000000000000000e+00
0.000000000000000000e+00
0.000000000000000000e+00
0.000000000000000000e+00
-0.000000000000000000e+00
0.000000000000000000e+00
-0.000000000000000000e+00
-0.000000000000000000e+00
0.000000000000000000e+00
0.000000000000000000e+00
-0.000000000000000000e+00
0.000000000000000000e+00
-1.212258254809860450e-02
0.000000000000000000e+00
0.000000000000000000e+00
0.000000000000000000e+00
0.000000000000000000e+00
-0.000000000000000000e+00
-0.000000000000000000e+00
-0.000000000000000000e+00
-0.000000000000000000e+00
-0.000000000000000000e+00
0.000000000000000000e+00
1.701654368271869611e-02
1.085853014043895864e-01
5.923506535299484510e-02
4.641011367735780602e-01
0.000000000000000000e+00
0.000000000000000000e+00
-0.000000000000000000e+00
-0.000000000000000000e+00
-5.112460275413962529e-01
-5.962326596742958396e-01
0.000000000000000000e+00
1.120059060299310322e-01
-0.000000000000000000e+00
-7.155693027165681286e-02
-0.000000000000000000e+00
-0.000000000000000000e+00
-9.080096274047370908e-02
0.000000000000000000e+00
0.000000000000000000e+00
0.000000000000000000e+00
-0.000000000000000000e+00
2.458311335544687837e-01
0.000000000000000000e+00
0.000000000000000000e+00
0.000000000000000000e+00
1.699237521141032659e-01
-0.000000000000000000e+00
0.000000000000000000e+00
0.000000000000000000e+00
0.000000000000000000e+00
-1.520280943567408893e-01
0.000000000000000000e+00
-0.000000000000000000e+00
-0.000000000000000000e+00
2.318258346261148073e-01
0.000000000000000000e+00
0.000000000000000000e+00
0.000000000000000000e+00
-0.000000000000000000e+00
2.912442536641783875e-01
-0.000000000000000000e+00
-0.000000000000000000e+00
0.000000000000000000e+00
0.000000000000000000e+00
5.953847803215019802e-02
-0.000000000000000000e+00
0.000000000000000000e+00
-0.000000000000000000e+00
-3.117264867476782775e-01
-1.476130269745832557e-01
-0.000000000000000000e+00
-0.000000000000000000e+00
0.000000000000000000e+00
