1.153423552143075653e-01
-1.433904307906770093e-01
-0.000000000000000000e+00
0.000000000000000000e+00
1.570579618808168668e-02
-0.000000000000000000e+00
0.000000000000000000e+00
0.000000000000000000e+00
-0.000000000000000000e+00
-0.000000000000000000e+00
-0.000000000000000000e+00
0.000000000000000000e+00
0.000000000000000000e+00
-0.000000000000000000e+00
-5.955206510850313134e-02
-0.000000000000000000e+00
0.000000000000000000e+00
0.000000000000000000e+00
-0.000000000000000000e+00
-0.000000000000000000e+00
-3.475628251114075140e-01
2.113935294003854160e-01
0.000000000000000000e+00
-0.000000000000000000e+00
1.164134521421166385e-01
7.817539565802343604e-02
0.000000000000000000e+00
0.000000000000000000e+00
0.000000000000000000e+00
-0.000000000000000000e+00
-0.000000000000000000e+00
-0.000000000000000000e+00
0.000000000000000000e+00
-0.000000000000000000e+00
-8.553287766669083469e-02
1.339402734976543989e-02
-0.000000000000000000e+00
-1.356187793278548215e-01
0.000000000000000000e+00
-0.000000000000000000e+00
0.000000000000000000e+00
-7.859072825176939558e-02
0.000000000000000000e+00
-2.613781153219470466e-01
0.000000000000000000e+00
0.000000000000000000e+00
-0.000000000000000000e+00
0.000000000000000000e+00
-0.000000000000000000e+00
0.000000000000000000e+00
0.000000000000000000e+00
-4.538229692665097376e-02
-0.000000000000000000e+00
-5.630028821508310105e-02
0.000000000000000000e+00
0.000000000000000000e+00
0.000000000000000000e+00
-3.216881192253953081e-01
0.000000000000000000e+00
-2.789388023012535633e-01
-0.000000000000000000e+00
0.000000000000000000e+00
-2.035020608148166155e-01
-0.000000000000000000e+00
-0.000000000000000000e+00
-0.000000000000000000e+00
-0.000000000000000000e+00
0.000000000000000000e+00
-0.000000000000000000e+00
-0.000000000000000000e+00
0.000000000000000000e+00
0.000000000000000000e+00
-1.957137590888272660e-01
-0.000000000000000000e+00
-0.000000000000000000e+00
-0.000000000000000000e+00
-0.000000000000000000e+00
-3.609944300419141161e-01
-0.000000000000000000e+00
-0.000000000000000000e+00
-3.163474198890844358e-01
-0.000000000000000000e+00
3.133162880418655094e-01
-0.000000000000000000e+00
-0.000000000000000000e+00
-5.420608240151042478e-01
-0.000000000000000000e+00
-0.000000000000000000e+00
-0.000000000000000000e+00
2.505038043233903666e-01
-0.000000000000000000e+00
0.000000000000000000e+00
0.000000000000000000e+00
0.000000000000000000e+00
-0.000000000000000000e+00
0.000000000000000000e+00
0.000000000000000000e+00
0.000000000000000000e+00
-0.000000000000000000e+00
-0.000000000000000000e+00
-0.000000000000000000e+00
-0.000000000000000000e+00
3.597204039191702618e-01
0.000000000000000000e+00
-0.000000000000000000e+00
0.000000000000000000e+00
0.000000000000000000e+00
0.000000000000000000e+00
0.000000000000000000e+00
1.352920443166834574e-01
-0.000000000000000000e+00
-2.118955915623156050e-01
-0.000000000000000000e+00
-0.000000000000000000e+00
0.000000000000000000e+00
0.000000000000000000e+00
-3.992427563583038075e-01
1.086579904016134746e-01
-0.000000000000000000e+00
-0.000000000000000000e+00
0.000000000000000000e+00
0.000000000000000000e+00
0.000000000000000000e+00
0.000000000000000000e+00
8.966151484883368161e-02
0.000000000000000000e+00
0.000000000000000000e+00
-0.000000000000000000e+00
-0.000000000000000000e+00
-0.000000000000000000e+00
-0.000000000000000000e+00
-0.000000000000000000e+00
-4.644405130026399986e-01
0.000000000000000000e+00
-0.000000000000000000e+00
0.000000000000000000e+00
-0.000000000000000000e+00
-0.000000000000000000e+00
0.000000000000000000e+00
-0.000000000000000000e+00
0.000000000000000000e+00
-4.872823527026543151e-03
-0.000000000000000000e+00
0.000000000000000000e+00
-0.000000000000000000e+00
-0.000000000000000000e+00
-0.000000000000000000e+00
0.000000000000000000e+00
0.000000000000000000e+00
-0.000000000000000000e+00
0.000000000000000000e+00
0.000000000000000000e+00
0.000000000000000000e+00
-0.000000000000000000e+00
-0.000000000000000000e+00
0.000000000000000000e+00
0.000000000000000000e+00
-0.000000000000000000e+00
-0.000000000000000000e+00
0.000000000000000000e+00
-0.000000000000000000e+00
0.000000000000000000e+00
-0.000000000000000000e+00
-9.407908462523517645e-02
-0.000000000000000000e+00
-0.000000000000000000e+00
0.000000000000000000e+00
4.170072694109605571e-01
-0.000000000000000000e+00
0.000000000000000000e+00
-0.000000000000000000e+00
2.785555913027810693e-01
0.000000000000000000e+00
0.000000000000000000e+00
0.000000000000000000e+00
0.000000000000000000e+00
-5.700899504211981439e-01
-0.000000000000000000e+00
0.000000000000000000e+00
-0.000000000000000000e+00
0.000000000000000000e+00
0.000000000000000000e+00
-0.000000000000000000e+00
0.000000000000000000e+00
0.000000000000000000e+00
0.000000000000000000e+00
-0.000000000000000000e+00
-0.000000000000000000e+00
0.000000000000000000e+00
-0.000000000000000000e+00
-2.902658415391737995e-02
-0.000000000000000000e+00
-0.000000000000000000e+00
0.000000000000000000e+00
-0.000000000000000000e+00
-0.000000000000000000e+00
0.000000000000000000e+00
-4.281476153637294169e-01
0.000000000000000000e+00
-0.000000000000000000e+00
0.000000000000000000e+00
-0.000000000000000000e+00
0.000000000000000000e+00
0.000000000000000000e+00
-4.034932794976106019e-01
-0.000000000000000000e+00
0.000000000000000000e+00
5.023293209490545946e-02
0.000000000000000000e+00
0.000000000000000000e+00
-0.000000000000000000e+00
-0.000000000000000000e+00
0.000000000000000000e+00
-0.000000000000000000e+00
-0.000000000000000000e+00
-8.478325384189862313e-02
0.000000000000000000e+00
0.000000000000000000e+00
-0.000000000000000000e+00
0.000000000000000000e+00
-1.800701471123376807e-01
-5.901411562978970370e-03
0.000000000000000000e+00
0.000000000000000000e+00
3.338557411115533058e-01
0.000000000000000000e+00
0.000000000000000000e+00
0.000000000000000000e+00
-0.000000000000000000e+00
1.474609632528831038e-02
-0.000000000000000000e+00
1.876436342335491003e-01
0.000000000000000000e+00
-0.000000000000000000e+00
-0.000000000000000000e+00
-5.856843102778683807e-01
-0.000000000000000000e+00
-0.000000000000000000e+00
1.914179273931266301e-01
-0.000000000000000000e+00
0.000000000000000000e+00
-0.000000000000000000e+00
3.368312207878303988e-01
-8.949825634107289041e-02
-1.301847160513258106e-01
-1.051451911679387730e-01
-2.105011212044011482e-01
2.439761011759162546e-01
0.000000000000000000e+00
5.202211767940338738e-02
0.000000000000000000e+00
-0.000000000000000000e+00
0.000000000000000000e+00
0.000000000000000000e+00
-0.000000000000000000e+00
0.000000000000000000e+00
-3.211041733752358768e-02
-0.000000000000000000e+00
-0.000000000000000000e+00
0.000000000000000000e+00
-0.000000000000000000e+00
0.000000000000000000e+00
0.000000000000000000e+00
0.000000000000000000e+00
0.000000000000000000e+00
