2.924968411229496579e-01
-8.176811382889244140e-01
-2.077612499016218139e-01
8.854306792295721928e-01
-8.125441266771557536e-02
1.830000768124167010e-01
-8.131136058357688601e-01
-9.350743778904435644e-01
6.258204191867265953e-01
8.447763205380515172e-01
-9.172686597190209401e-01
-6.450902044548259551e-02
-5.532527301307753609e-01
8.796002162290398330e-01
-3.992985350627553665e-01
2.611280050447651879e-01
6.340485205630473908e-01
-1.753731508447197163e-01
-1.497269987081784742e-02
4.712413517985270528e-01
2.388357507623218856e-01
-4.509614591908156500e-03
1.879546172977810681e-01
-3.678458653413942958e-01
-5.596127969598203161e-02
5.270817315739758646e-01
6.427216074073262009e-01
-9.350075849640254733e-01
-2.992356961255175363e-01
-6.793287843159425687e-01
3.634780615008582627e-01
-6.590874105568862440e-01
-6.953152490813927500e-01
3.148134781272398097e-01
2.865888453756736953e-01
2.632911004334492766e-01
-2.477296169602596354e-01
-7.820704598087977466e-01
-4.240776514524759455e-01
-7.126146925956866607e-01
-9.121085508381789886e-01
-7.328988590238602052e-01
4.374819636710464699e-01
6.169615177173200238e-02
-2.469708491385625149e-01
-5.600387005324356515e-01
-7.367499108000910013e-01
-7.591409203220579605e-02
6.531494071127595946e-01
-6.065661302077151040e-01
3.225270707161538297e-01
8.270534448129007732e-01
6.139840724742369471e-02
-4.868924427103744623e-01
-4.111421669903568554e-02
2.835775530135051237e-01
-6.043314057383589871e-02
-8.830840254448599769e-01
3.667824866341474199e-01
3.506860484426880809e-01
-3.022517955262699063e-01
5.711916347215598710e-01
5.385623587604315698e-01
3.280713949535150609e-01
2.663870847064878644e-01
-1.199710309311534662e-01
2.537517255028182150e-01
-4.582231607284857899e-01
-9.312360453924560799e-01
8.271999311110402875e-01
-6.097939879309439704e-01
9.422806101255797318e-01
3.972318407874135260e-01
-1.242852148454348937e-01
-4.868167051815338042e-01
-9.197144913767474339e-01
3.269061802923076687e-01
-2.183722084834612831e-01
1.051132142882597181e-01
-4.508742071476796731e-01
-2.139125326926766546e-01
1.785549102451974846e-01
1.686553293829057276e-01
4.693530934938230370e-01
7.674830497454598888e-01
-2.406852273663572517e-01
-3.767326657418548219e-01
-1.116347128747339212e-01
2.311079096970880542e-01
-3.681788687182801501e-01
1.541791930794206844e-01
3.683964620382060295e-01
-7.949485599291354898e-01
5.454007989602809026e-02
-3.049021026989563454e-01
-6.213837688669827664e-01
-1.462148329094993260e-01
-4.409077301364572876e-01
-1.126109069199989765e-01
7.318341510267098449e-02
-3.096952416833461674e-01
3.033864340386500102e-01
1.000000000000000000e+00
9.731174819596142278e-01
2.117687031958373489e-01
-9.196243595687731975e-01
2.714013425250438316e-01
-7.770222011246854521e-01
-1.961951039617754189e-01
-3.424707360601499384e-01
5.435249384427130043e-02
2.509755530311186256e-01
-5.998013717396223354e-01
-6.571616566740825505e-01
-2.165294369341123071e-01
-2.878793041764214355e-01
-8.473994154557977776e-01
7.439382819523233659e-01
-2.812842888209594605e-01
-4.092250565299646592e-01
-6.212206885974451698e-01
-7.189324384220580066e-01
5.211479652842877508e-01
-7.421239996118621507e-01
-1.072340792609048632e-01
8.042646544605388526e-01
3.422289938328866299e-01
-9.818690182482531226e-02
2.192130391585709881e-01
8.043696835310331084e-01
2.166885359330790184e-01
4.368661695694215918e-01
-2.181394783086758049e-01
-5.754435229192604861e-01
-7.782695971304443017e-01
7.271868293008684758e-02
-1.409815896948532765e-01
-5.057161577365865135e-01
6.938011912394518310e-01
1.874800750806705218e-01
5.903950870514061977e-01
8.601111956220083288e-01
7.408286207724117389e-01
-6.646939380595939806e-01
6.286819758656482238e-01
8.137084705662065431e-01
4.255726334947847467e-01
5.528447191008460937e-01
-6.012708351588311739e-01
6.629182077007633733e-01
-4.554583114318646597e-01
-7.496926622564061837e-01
2.254975118774511511e-01
-7.936228059429881743e-01
8.211884553346968652e-01
-9.166406804786308982e-01
8.187296993603201956e-02
-6.823008786070501319e-01
5.789261178088801474e-01
-4.221926860997529118e-01
-2.885077430640657359e-01
-4.132782640287954168e-01
-7.772830472481753183e-01
-7.761427459681257135e-01
-8.784359705865083523e-01
-4.788013541151935337e-01
-7.976171025302271067e-01
-5.158265429032972138e-01
-4.277387608406704733e-01
8.296859337912305676e-01
8.371882308235967241e-01
-3.794461231774088339e-01
-2.137307329938242795e-01
1.000000000000000000e+00
-9.581334878728704485e-01
6.884727729870955271e-01
1.162542144978702674e-01
6.549469197245146868e-01
-8.678153544629688687e-01
8.671633960373242855e-01
-4.265711756245177400e-01
-8.060137081075402499e-01
3.298064053438569398e-03
5.202271478690236872e-01
8.549623505194257067e-01
-8.474767193028931445e-01
1.811737596832420361e-01
-4.863789082694236487e-01
4.378703696397538425e-01
-2.813773631683806897e-01
-6.947293444668695139e-01
1.463949677683318018e-01
-3.449681378494228734e-01
-8.911176942918452859e-01
1.208148853450672217e-01
-5.564861593431250641e-01
7.564999575255411113e-01
-8.980487456953740733e-01
-4.624039940093798151e-01
-2.867699754751549257e-01
-6.157338923404689357e-01
-4.081951516997541635e-02
8.632192626300088101e-01
9.925613550241588756e-01
-2.508072307278502722e-01
-9.629544385881352309e-01
-1.399998221696527045e-01
-4.706987194695588794e-01
4.684529617222224496e-01
5.181890327600776613e-01
-8.130149998920947751e-02
1.428218491566551895e-01
2.673322406772704607e-03
5.875064587342230249e-01
7.763359126573025071e-01
6.059499514103399154e-01
-8.827733215202595574e-01
-4.428985716350053448e-01
-3.783803074944928624e-01
7.672684109314710232e-01
-2.170993149611691875e-01
-4.291177993917765221e-01
5.325374059322928177e-01
7.888917930510717103e-01
-6.540427903497985085e-01
-5.936140310483977167e-01
-4.439403395154202236e-01
7.467699348101470846e-01
-2.975019215011067558e-02
2.238267912846698682e-01
-5.750191256871284295e-01
-8.976291608196509397e-01
5.899401326979314408e-01
-4.684483991564540872e-01
2.327409705179949162e-01
-8.096290559488468208e-01
2.656955229523555451e-01
4.527031532271315051e-01
2.160586046711270303e-01
-1.685058065760982604e-01
-9.238675013737385200e-01
3.593132121825418079e-01
-6.990778194905780119e-01
8.495361145531719060e-01
2.311567748118040222e-01
-2.690885573641962347e-01
1.715665732017542799e-01
6.593963544703026480e-01
-5.271189219461311914e-01
6.949647407915847674e-01
7.382425966864905043e-01
-8.109557715461408467e-01
-5.791138542475084972e-01
7.978788986281051265e-01
-8.783931529069387567e-01
-8.005554732358929337e-01
1.180125472606473880e-01
1.680130175417971494e-01
3.538267925743684428e-01
-9.010824387988960460e-01
-7.439979013066995162e-01
6.155379956150508480e-01
-7.708297372228221089e-01
-3.573968798047026940e-01
-7.445210994507125424e-01
