-1.664283548198486617e-01
-4.441548740563301401e-01
-4.377030485101002233e-02
-7.518610274161739715e-02
-3.599197557496782718e-01
-1.784989368520936148e-01
-2.254713004050720032e-02
5.629636679718421632e-01
-6.121102748154793050e-01
2.961408625624336599e-01
3.119502494738576326e-01
3.257448575069913366e-01
-3.310140837774351863e-01
1.869276665438179552e-01
-5.788538358196463340e-01
-3.898403724531003256e-01
-1.555509340506335270e-01
-2.072202729311276581e-01
1.934730593700307866e-01
4.738297384797324763e-01
-1.893064155494632028e-01
1.203468090003030899e-01
-3.694369276071081121e-01
1.472086225781910895e-01
-9.143378123886061748e-02
3.058058575280667157e-01
-7.538318707590979662e-02
1.464672571302652604e-01
-1.191135803695733686e-01
3.888422821900320847e-01
-1.991875922043808145e-01
-3.000654875258048637e-01
-6.559414562723125952e-02
-2.531712005187060077e-01
2.313792859375838340e-01
5.850501325693379107e-01
-5.210665410517109075e-01
-4.127842867412837013e-01
5.708209137343744216e-02
2.157173714108809870e-01
-2.294908601411992100e-01
-6.347299183544589107e-01
3.798561467801663261e-01
1.412307179476037233e-01
-2.648476430903237699e-02
-9.770475384693662335e-02
-1.143444552881903997e-01
-5.492246579254175115e-02
5.291663439832217097e-01
4.419553699244550132e-02
-1.755348645330244428e-01
2.933729422763734496e-01
-2.182732293530792456e-01
2.575025787126522525e-01
4.444478838687114242e-01
1.653065699328145621e-01
4.445146682359341073e-01
-6.619478170319011978e-01
-2.326557467404841151e-01
5.654475167519938950e-01
-2.442881243761346743e-01
-2.109884004377086258e-02
1.934552324146769364e-01
-4.254828240018018182e-01
-5.780224404555067697e-01
2.581591405782771714e-02
-2.155799798659671640e-01
-5.319145276524722687e-01
-3.388703992834824485e-01
-2.258606892513673192e-01
1.846154728224615460e-01
6.329820489375868053e-01
-2.518445194782167329e-01
5.813450618001186204e-02
3.810963273308246024e-02
-5.154710922163860953e-01
5.945670595265594160e-01
-3.312543418040584386e-01
8.708265589955316299e-02
-8.548888098649644329e-02
4.322183475905089223e-01
4.766944391931851599e-01
2.875945949248436828e-01
1.715920361607612132e-01
-3.060772525408260170e-01
2.081608588279180161e-01
-1.351779044960995657e-01
-1.024983525517151328e-01
6.249683259528485690e-01
-2.035484127223533835e-01
-8.581807390206028230e-02
5.876821482237447603e-01
1.554553539109164162e-01
-4.942590160940174560e-01
1.023139762285715237e-01
-2.216441778862825868e-02
1.543328558848024168e-02
-1.194986619470362194e-01
1.823742595815044387e-01
-1.584255062514215370e-02
-2.942178428681580526e-01
1.242348362859776456e-01
3.525777496496638186e-01
2.635218516258433508e-01
7.146422533162935520e-02
1.252993700756660223e-01
-1.874619900676226802e-01
3.578291232956015144e-01
3.055440713675429687e-01
1.897156712456894434e-01
2.154463341828769807e-01
9.838263419366437279e-02
1.576646767754019685e-01
-9.080857153887382516e-02
-2.870009878579049545e-01
-4.337317139294035173e-01
-2.609994640542144806e-01
-3.925997963719339845e-01
-1.024385591735997303e-01
-1.189422925286662269e-01
6.070846806247375271e-01
1.518005006557902881e-01
3.296998993831891656e-01
-1.042237626424759311e-01
3.356920253971522605e-01
3.563715772798281001e-01
-7.639024227219855245e-02
-1.472254065616162566e-01
-1.498109383491734725e-01
-4.574293142587008143e-01
-1.812751016840128543e-02
2.819144021996820015e-01
-9.337185793767588393e-02
1.892234576793853096e-01
1.885756943790361795e-01
-5.242299041176899932e-01
-1.149497888305364007e-02
1.020161143103801571e-01
-5.271185267530742458e-02
-2.479398441185459157e-01
-2.562157229002313130e-01
2.428028148574906675e-02
-2.742535025325315567e-02
3.612319888868844031e-01
4.728528530733850377e-01
1.743031265779075023e-01
-3.575234530593714433e-01
1.947263256277534105e-01
-1.723403966702205803e-01
-5.158673147744825133e-02
1.701590005682185047e-01
3.235112779306438535e-02
-6.459061512784345371e-01
5.392494828224601855e-02
8.436473159513845077e-02
-6.456583655682124334e-01
2.436410594275851549e-01
-2.078447395666258857e-01
1.417957645252401200e-01
4.798264942712897607e-01
1.309688128275545149e-01
-9.847996734081622405e-02
2.571636360943012622e-01
-6.735393966610317973e-01
-5.546936085482169487e-02
-1.554053755854194752e-01
-1.486399808809547862e-01
8.339355263600222168e-01
1.580921440151069335e-01
2.050494644315098425e-01
-3.257017365113868967e-01
3.445250017572111245e-01
1.694652117553268056e-01
3.694778538744071805e-01
-4.380535579812265268e-01
-2.475063452363077676e-01
1.894671239051533840e-01
-4.448339800032934943e-01
-7.674583909898985423e-01
4.421575316910267284e-01
-2.292597271722340291e-01
8.705192196143743399e-02
-3.382522498095640040e-02
7.063533851983906653e-02
7.202791993189947006e-02
-2.999449485895329115e-01
3.852623687493667570e-01
-2.956688729210366073e-01
-2.020283408469130959e-01
1.653187522403987142e-01
-4.904946447917620661e-02
-8.143125885092800109e-02
5.646904732811710431e-02
2.198593379959317695e-01
2.419572908246411524e-01
9.324680854392404517e-02
1.374579310891810568e-01
1.574998620118888137e-01
4.956837767698637487e-01
6.591496492971180565e-01
8.638879578890791555e-03
2.421978363297775105e-01
2.837602147495910110e-01
8.958818606529051279e-03
2.036471358160606149e-02
-3.827471460987983409e-01
1.683980530226475980e-01
5.866679508430615586e-01
-6.036875231798013303e-02
5.580291583837065916e-02
-7.338666816791008518e-01
-5.969396459627178408e-02
6.149279462144050523e-01
4.616508890772142992e-01
-2.746564862547534736e-02
-2.868820951481408921e-01
-3.063904950038768282e-01
-8.747402701916535961e-02
-1.400525198161619300e-01
-2.769738534478284608e-02
-1.747280449588069495e-01
-2.303979655553526906e-01
4.373719154641674822e-01
1.295245119192297012e-01
5.204068710480858236e-03
5.996583190878818082e-01
3.015447231314427601e-01
1.677550468762054880e-01
2.462691307263958629e-01
-1.916658461561057680e-01
-2.010580155293460736e-02
-5.997494733211499174e-01
-4.027183978356245753e-01
-2.039886201949222544e-01
1.368962414456702248e-01
-5.486081182410484924e-01
6.413605803387001369e-02
-5.578943828198391214e-02
-1.046523394900327475e-01
-4.744242240041605663e-01
-2.184102429571505299e-01
4.986508722185704068e-01
-2.740098520312730934e-01
5.854381710179170639e-01
-1.556613852621799299e-01
-1.188820693625262243e-01
1.430921571396761571e-01
3.860570031082559694e-01
1.918746552846720688e-01
-3.488925273315845316e-02
-4.690383881893150919e-01
3.513555416973265233e-01
2.224010203417463583e-01
1.939604963592891917e-01
6.583889915511356716e-03
1.721028978694988387e-01
-8.177601252607691329e-02
-3.839028658333730748e-01
2.149708952631269043e-01
-1.291359214689737356e-01
5.242346049416822806e-01
1.640157493467915284e-01
1.060702722682372173e-01
3.293537455778573764e-03
-4.377333882129427756e-02
