0.000000000000000000e+00
0.000000000000000000e+00
2.111797592519129574e-01
0.000000000000000000e+00
9.962667141343760357e-02
0.000000000000000000e+00
-0.000000000000000000e+00
0.000000000000000000e+00
2.058502616189470669e-01
0.000000000000000000e+00
0.000000000000000000e+00
1.246117236480090949e-02
-0.000000000000000000e+00
0.000000000000000000e+00
-0.000000000000000000e+00
0.000000000000000000e+00
0.000000000000000000e+00
0.000000000000000000e+00
0.000000000000000000e+00
-3.781748713848539500e-01
5.071002593971014882e-02
0.000000000000000000e+00
0.000000000000000000e+00
-0.000000000000000000e+00
-0.000000000000000000e+00
-0.000000000000000000e+00
0.000000000000000000e+00
-0.000000000000000000e+00
0.000000000000000000e+00
0.000000000000000000e+00
-0.000000000000000000e+00
-0.000000000000000000e+00
0.000000000000000000e+00
-2.748361465648640478e-01
-0.000000000000000000e+00
-0.000000000000000000e+00
0.000000000000000000e+00
-1.675460812783206577e-01
8.461241594265661581e-02
1.955358483752543952e-01
-0.000000000000000000e+00
0.000000000000000000e+00
0.000000000000000000e+00
0.000000000000000000e+00
0.000000000000000000e+00
2.235754475345222425e-01
-0.000000000000000000e+00
-0.000000000000000000e+00
-0.000000000000000000e+00
-0.000000000000000000e+00
-0.000000000000000000e+00
-0.000000000000000000e+00
0.000000000000000000e+00
-0.000000000000000000e+00
-7.301196996202927170e-02
0.000000000000000000e+00
0.000000000000000000e+00
0.000000000000000000e+00
0.000000000000000000e+00
1.384530968119382921e-01
4.411845807927361474e-01
-0.000000000000000000e+00
-0.000000000000000000e+00
-0.000000000000000000e+00
0.000000000000000000e+00
-0.000000000000000000e+00
-0.000000000000000000e+00
0.000000000000000000e+00
-0.000000000000000000e+00
0.000000000000000000e+00
0.000000000000000000e+00
0.000000000000000000e+00
0.000000000000000000e+00
0.000000000000000000e+00
-0.000000000000000000e+00
-0.000000000000000000e+00
-0.000000000000000000e+00
0.000000000000000000e+00
0.000000000000000000e+00
-0.000000000000000000e+00
0.000000000000000000e+00
-0.000000000000000000e+00
0.000000000000000000e+00
-0.000000000000000000e+00
0.000000000000000000e+00
-2.942321671534611216e-01
5.507717491572809709e-02
0.000000000000000000e+00
0.000000000000000000e+00
0.000000000000000000e+00
0.000000000000000000e+00
0.000000000000000000e+00
0.000000000000000000e+00
-0.000000000000000000e+00
0.000000000000000000e+00
-0.000000000000000000e+00
-0.000000000000000000e+00
0.000000000000000000e+00
0.000000000000000000e+00
0.000000000000000000e+00
3.206103112738090677e-01
0.000000000000000000e+00
-0.000000000000000000e+00
-0.000000000000000000e+00
0.000000000000000000e+00
4.221580059133568374e-01
0.000000000000000000e+00
-0.000000000000000000e+00
-0.000000000000000000e+00
0.000000000000000000e+00
-0.000000000000000000e+00
0.000000000000000000e+00
1.000000000000000000e+00
-0.000000000000000000e+00
2.545028345451038065e-01
-3.813274669398833416e-01
-0.000000000000000000e+00
-1.318117220757382135e-01
0.000000000000000000e+00
0.000000000000000000e+00
-0.000000000000000000e+00
0.000000000000000000e+00
5.310898327087659049e-02
-0.000000000000000000e+00
4.197560757729011938e-01
0.000000000000000000e+00
-2.647686997456810132e-01
-9.843857579483661358e-02
-0.000000000000000000e+00
0.000000000000000000e+00
0.000000000000000000e+00
0.000000000000000000e+00
-2.005100415937466699e-02
-0.000000000000000000e+00
1.761716377812364287e-01
0.000000000000000000e+00
-0.000000000000000000e+00
0.000000000000000000e+00
0.000000000000000000e+00
0.000000000000000000e+00
-1.162611984648093122e-01
0.000000000000000000e+00
-0.000000000000000000e+00
-0.000000000000000000e+00
-0.000000000000000000e+00
0.000000000000000000e+00
0.000000000000000000e+00
0.000000000000000000e+00
-1.627273193962759379e-01
-0.000000000000000000e+00
-0.000000000000000000e+00
0.000000000000000000e+00
0.000000000000000000e+00
0.000000000000000000e+00
0.000000000000000000e+00
-0.000000000000000000e+00
-0.000000000000000000e+00
0.000000000000000000e+00
-0.000000000000000000e+00
-0.000000000000000000e+00
0.000000000000000000e+00
0.000000000000000000e+00
-0.000000000000000000e+00
-0.000000000000000000e+00
-0.000000000000000000e+00
0.000000000000000000e+00
-0.000000000000000000e+00
0.000000000000000000e+00
0.000000000000000000e+00
1.733524865176298002e-01
2.977874814633367784e-01
0.000000000000000000e+00
-0.000000000000000000e+00
-6.685570908536218881e-02
-0.000000000000000000e+00
0.000000000000000000e+00
1.329194085894670196e-01
0.000000000000000000e+00
2.366866402625474319e-01
-4.190856039866626692e-01
0.000000000000000000e+00
0.000000000000000000e+00
0.000000000000000000e+00
0.000000000000000000e+00
0.000000000000000000e+00
-4.758547751946284876e-02
0.000000000000000000e+00
-0.000000000000000000e+00
-0.000000000000000000e+00
-0.000000000000000000e+00
0.000000000000000000e+00
0.000000000000000000e+00
-0.000000000000000000e+00
-0.000000000000000000e+00
0.000000000000000000e+00
0.000000000000000000e+00
0.000000000000000000e+00
-0.000000000000000000e+00
-0.000000000000000000e+00
5.199387194084952313e-01
-0.000000000000000000e+00
0.000000000000000000e+00
-0.000000000000000000e+00
2.401917024610782103e-01
-0.000000000000000000e+00
-0.000000000000000000e+00
0.000000000000000000e+00
0.000000000000000000e+00
2.182012734495105966e-01
-0.000000000000000000e+00
0.000000000000000000e+00
-5.416458553832723677e-01
0.000000000000000000e+00
0.000000000000000000e+00
4.345104764092207195e-02
-0.000000000000000000e+00
0.000000000000000000e+00
-2.377976942929444781e-01
0.000000000000000000e+00
-0.000000000000000000e+00
0.000000000000000000e+00
0.000000000000000000e+00
0.000000000000000000e+00
0.000000000000000000e+00
0.000000000000000000e+00
-9.081861370585637971e-02
1.605186099153262103e-01
2.252986771646105502e-01
1.791821912902994973e-01
8.315996567119333938e-02
-0.000000000000000000e+00
-0.000000000000000000e+00
4.475536005377648285e-01
3.608815173209457133e-02
0.000000000000000000e+00
1.258306313627141236e-03
0.000000000000000000e+00
-1.965295585275786405e-01
-0.000000000000000000e+00
0.000000000000000000e+00
0.000000000000000000e+00
-0.000000000000000000e+00
-0.000000000000000000e+00
1.939207964616772584e-01
-0.000000000000000000e+00
0.000000000000000000e+00
-0.000000000000000000e+00
-1.238346040504639256e-01
0.000000000000000000e+00
-0.000000000000000000e+00
-7.799622677495840484e-02
0.000000000000000000e+00
-0.000000000000000000e+00
6.611552734730166692e-02
1.939949841521454443e-01
0.000000000000000000e+00
0.000000000000000000e+00
0.000000000000000000e+00
0.000000000000000000e+00
-0.000000000000000000e+00
-0.000000000000000000e+00
6.481689364172467105e-01
0.000000000000000000e+00
-0.000000000000000000e+00
1.330482396582792146e-02
