-1.694887028550101996e-02
0.000000000000000000e+00
-5.023661986890621822e-01
4.153686008236053828e-01
-0.000000000000000000e+00
0.000000000000000000e+00
-0.000000000000000000e+00
0.000000000000000000e+00
0.000000000000000000e+00
-0.000000000000000000e+00
0.000000000000000000e+00
0.000000000000000000e+00
-0.000000000000000000e+00
0.000000000000000000e+00
0.000000000000000000e+00
0.000000000000000000e+00
0.000000000000000000e+00
-0.000000000000000000e+00
-0.000000000000000000e+00
0.000000000000000000e+00
-0.000000000000000000e+00
-0.000000000000000000e+00
0.000000000000000000e+00
0.000000000000000000e+00
-0.000000000000000000e+00
-0.000000000000000000e+00
-1.723842585654044579e-01
0.000000000000000000e+00
0.000000000000000000e+00
0.000000000000000000e+00
0.000000000000000000e+00
-0.000000000000000000e+00
0.000000000000000000e+00
-3.361671408155263441e-01
0.000000000000000000e+00
-0.000000000000000000e+00
-3.827470218846245054e-01
-0.000000000000000000e+00
-0.000000000000000000e+00
-0.000000000000000000e+00
0.000000000000000000e+00
-6.030393212750201348e-01
-8.353772855354052104e-03
-7.748693848937358852e-02
-0.000000000000000000e+00
0.000000000000000000e+00
-3.279650163877703695e-02
0.000000000000000000e+00
2.465120639277023906e-01
-0.000000000000000000e+00
-0.000000000000000000e+00
-0.000000000000000000e+00
4.154245274121494136e-01
-0.000000000000000000e+00
0.000000000000000000e+00
-0.000000000000000000e+00
-0.000000000000000000e+00
0.000000000000000000e+00
-0.000000000000000000e+00
4.619140588554872945e-02
0.000000000000000000e+00
-4.824274939100223203e-01
0.000000000000000000e+00
-0.000000000000000000e+00
-0.000000000000000000e+00
0.000000000000000000e+00
0.000000000000000000e+00
0.000000000000000000e+00
0.000000000000000000e+00
-0.000000000000000000e+00
0.000000000000000000e+00
-0.000000000000000000e+00
-1.767216558407738725e-01
-2.186578610218177787e-01
-3.694501107900562964e-01
0.000000000000000000e+00
-0.000000000000000000e+00
-4.647606744693415504e-01
-5.867286497304161630e-01
-0.000000000000000000e+00
0.000000000000000000e+00
0.000000000000000000e+00
1.264067692411670885e-01
-0.000000000000000000e+00
-3.609877069311668869e-03
0.000000000000000000e+00
-0.000000000000000000e+00
-0.000000000000000000e+00
1.705609533491751484e-01
0.000000000000000000e+00
0.000000000000000000e+00
-0.000000000000000000e+00
0.000000000000000000e+00
-0.000000000000000000e+00
-4.672438755627029150e-01
-0.000000000000000000e+00
0.000000000000000000e+00
3.301640406142144490e-01
3.459915100113222786e-02
-0.000000000000000000e+00
-0.000000000000000000e+00
-0.000000000000000000e+00
-3.103658394549483890e-01
-5.817806758588307536e-01
-0.000000000000000000e+00
-3.653052176278636515e-02
0.000000000000000000e+00
-0.000000000000000000e+00
-0.000000000000000000e+00
0.000000000000000000e+00
-0.000000000000000000e+00
0.000000000000000000e+00
-0.000000000000000000e+00
-0.000000000000000000e+00
4.328806695540070026e-01
0.000000000000000000e+00
0.000000000000000000e+00
-0.000000000000000000e+00
0.000000000000000000e+00
0.000000000000000000e+00
-0.000000000000000000e+00
0.000000000000000000e+00
-0.000000000000000000e+00
0.000000000000000000e+00
0.000000000000000000e+00
0.000000000000000000e+00
2.752005701736164323e-01
-0.000000000000000000e+00
-8.720545909665591844e-02
0.000000000000000000e+00
3.862158991376310468e-02
-0.000000000000000000e+00
0.000000000000000000e+00
-0.000000000000000000e+00
0.000000000000000000e+00
-0.000000000000000000e+00
0.000000000000000000e+00
-0.000000000000000000e+00
0.000000000000000000e+00
-0.000000000000000000e+00
0.000000000000000000e+00
-0.000000000000000000e+00
1.887571886821756972e-01
-0.000000000000000000e+00
-1.222803091536186770e-01
-0.000000000000000000e+00
0.000000000000000000e+00
0.000000000000000000e+00
4.042887790206872167e-01
-1.419937792652834485e-01
0.000000000000000000e+00
0.000000000000000000e+00
-0.000000000000000000e+00
0.000000000000000000e+00
2.442352071963501403e-01
-0.000000000000000000e+00
-0.000000000000000000e+00
1.819977787006834546e-01
0.000000000000000000e+00
0.000000000000000000e+00
0.000000000000000000e+00
-0.000000000000000000e+00
-0.000000000000000000e+00
-7.576498579992083093e-02
-1.775309219886835044e-01
-0.000000000000000000e+00
-0.000000000000000000e+00
-0.000000000000000000e+00
1.981178390601239306e-02
-0.000000000000000000e+00
-5.323346185035047196e-01
4.066198194169026170e-01
3.736796449134341946e-01
-0.000000000000000000e+00
-0.000000000000000000e+00
0.000000000000000000e+00
0.000000000000000000e+00
0.000000000000000000e+00
0.000000000000000000e+00
0.000000000000000000e+00
-0.000000000000000000e+00
-1.400709936401766942e-01
0.000000000000000000e+00
-0.000000000000000000e+00
-1.546204554318925672e-01
4.034805376393181264e-01
0.000000000000000000e+00
-0.000000000000000000e+00
-0.000000000000000000e+00
0.000000000000000000e+00
0.000000000000000000e+00
5.490469102323920492e-01
-0.000000000000000000e+00
-0.000000000000000000e+00
-2.326684107183361883e-01
0.000000000000000000e+00
-0.000000000000000000e+00
5.774305411595049425e-02
-0.000000000000000000e+00
0.000000000000000000e+00
3.114521912794430136e-01
-0.000000000000000000e+00
-0.000000000000000000e+00
0.000000000000000000e+00
-0.000000000000000000e+00
0.000000000000000000e+00
-6.719599460102613220e-01
-0.000000000000000000e+00
9.233926265154639434e-01
0.000000000000000000e+00
-0.000000000000000000e+00
-0.000000000000000000e+00
-0.000000000000000000e+00
1.680651884260505324e-01
3.149906237817349797e-01
-1.316474757099868505e-02
0.000000000000000000e+00
-0.000000000000000000e+00
-0.000000000000000000e+00
-0.000000000000000000e+00
0.000000000000000000e+00
4.080772091922672817e-02
-0.000000000000000000e+00
-0.000000000000000000e+00
0.000000000000000000e+00
-0.000000000000000000e+00
-0.000000000000000000e+00
-0.000000000000000000e+00
-0.000000000000000000e+00
-0.000000000000000000e+00
-1.486852095271793128e-01
0.000000000000000000e+00
0.000000000000000000e+00
-0.000000000000000000e+00
1.937090959331828066e-01
-0.000000000000000000e+00
0.000000000000000000e+00
-0.000000000000000000e+00
-0.000000000000000000e+00
-0.000000000000000000e+00
-0.000000000000000000e+00
-0.000000000000000000e+00
0.000000000000000000e+00
-0.000000000000000000e+00
-2.204402148533561590e-02
0.000000000000000000e+00
-0.000000000000000000e+00
-4.387715243053941228e-01
0.000000000000000000e+00
-0.000000000000000000e+00
0.000000000000000000e+00
-1.023890575243146944e-01
-0.000000000000000000e+00
-0.000000000000000000e+00
-0.000000000000000000e+00
0.000000000000000000e+00
0.000000000000000000e+00
2.904784031394450627e-01
1.698938281623340596e-01
-0.000000000000000000e+00
-0.000000000000000000e+00
-0.000000000000000000e+00
0.000000000000000000e+00
-0.000000000000000000e+00
0.000000000000000000e+00
