1.939000729599138495e-02
-6.702851160688805265e-01
7.590793757205789305e-01
3.723210807865731109e-01
-9.598728511629128768e-01
-3.653577116451538487e-01
-5.895727074980188220e-01
-4.883821653324507128e-01
-5.420766135158905374e-01
5.603823194772383776e-01
7.079510172457053052e-01
-1.797515626759909058e-01
3.458865290711288232e-02
9.069052748746870840e-01
8.305302219557644250e-01
3.858845963381818400e-02
6.317571703370972180e-01
-4.387049373891127590e-01
2.499513163139208682e-01
-1.495634053523819951e-01
-1.638236855399561875e-01
-8.842566887129839071e-01
4.174855172947520288e-01
-6.070242019982718951e-01
-3.154570691460099052e-01
7.765938077571516995e-01
2.533149808187620255e-01
5.804807584221305383e-02
-3.971079836032698207e-01
8.255049555302105269e-01
8.139035897071904557e-01
-9.404292580438562421e-01
2.250389557864043155e-01
-3.729436780876789204e-01
-8.978452560566856366e-01
-7.624048356460215725e-01
-6.175327460237562960e-01
-4.811962121187935981e-01
-4.228777375854710918e-01
6.438675393352968346e-01
5.140240356379603970e-01
-6.243695944233134121e-01
-8.766066867689157327e-01
1.618410650498169900e-03
2.847358029210949049e-01
6.720510101844492379e-01
-8.748633479697982551e-01
-2.300035430264895098e-01
5.558962339926964979e-02
1.953575435736525368e-01
1.838421958578688731e-01
4.433471359469776107e-01
6.947258095118149512e-01
3.344591228057853805e-01
-6.326619561370481204e-01
6.979899948921322039e-01
-8.861229817064413261e-01
-8.182433570546709944e-01
-5.599176703609618500e-01
3.591309444679269269e-01
-4.100736003240290639e-01
-7.292910524714071308e-01
-4.840499939281683872e-02
-9.324525959094231986e-01
-3.336354770736551512e-01
-5.149934170600729555e-01
9.627507338914749191e-01
6.708108061717381609e-01
4.834588086210134250e-02
2.103068994560841620e-01
-8.356726794805111602e-01
2.175741547249301355e-01
8.271549414288545954e-01
6.526403498473898335e-01
-6.104466759133013731e-01
-1.933390461303814423e-01
-1.807333707842302406e-01
5.826903033816803745e-01
2.205074514498495120e-01
-5.537082599141083250e-01
-1.174340613900344277e-01
-5.148046683385854028e-01
3.940219525449770721e-01
-2.442983767284079288e-01
4.008562297083151371e-01
4.129271565309931002e-01
-9.843631660215357293e-01
-3.771187694896518394e-01
-1.730606956846125755e-03
8.064616450814046100e-01
5.616144345449107789e-01
9.164703215206171372e-02
-6.916155969340900267e-01
4.651258553659740613e-01
-4.344151990793005957e-01
-8.844004253353652256e-01
-7.218783203677192617e-02
-3.822871566958190304e-01
-9.360153541155400436e-01
9.763027494513740745e-01
6.497515412044463368e-01
-5.374522267718155888e-01
-5.870690379276664039e-01
2.490308299653842816e-02
4.058337309051764930e-01
3.864119630388329618e-02
-6.116635631629752101e-01
8.725132779056992138e-01
-1.832494608233403710e-02
1.830471311930192968e-02
-7.252842342711474100e-01
-5.989049324357267334e-01
-2.768468436174220670e-01
2.412040105471422446e-01
5.241420147366639970e-01
-8.841366767610634447e-01
-3.708505711082246137e-01
-2.017175063254064149e-01
8.232492779825668627e-01
1.543756312310518020e-02
-6.824264124568064638e-01
-3.507464265832342942e-01
-2.436051494025393005e-02
5.930170675704269367e-01
1.488837649810439423e-01
-3.316809696034554999e-01
-1.284508966587443179e-01
6.873121523035363722e-01
-6.647555995256104744e-02
-2.787050738625813651e-01
4.335642475006096230e-01
-5.771915756113183971e-01
-3.285155112234661168e-02
-6.630769363022619434e-01
8.691814980439451777e-01
3.629462987823082187e-01
-5.686394285736235954e-01
-7.087071735710672726e-01
-5.344967231867263635e-01
1.340828080121854171e-01
-9.067759285845482520e-01
1.250886326037004004e-02
8.862233130063292830e-01
-5.688116846662187864e-01
-7.346632094090881360e-01
-1.420390604133570100e-01
-3.761243479092102326e-01
-7.483978084732090252e-02
9.758714743413856585e-01
4.760462998021921521e-01
-8.447851740207055204e-01
3.582543505494264480e-01
7.007459108003910586e-02
7.559425174468779041e-01
1.341995944308711497e-01
8.907310766645193389e-01
1.362226449241554782e-01
6.230686485873060398e-02
9.087261825941046478e-01
-1.735059697339769169e-01
7.268582324412766749e-01
5.497963339340066202e-01
-5.042998838084662427e-01
2.418229224079848638e-01
5.257133669391600428e-01
-4.586918981718870469e-01
6.712667999107053696e-01
-3.164227806195736292e-01
-5.508753993379620351e-01
-8.457287096767553969e-01
4.537675000509764356e-01
-2.991148667563645613e-01
1.555256548905412650e-01
7.512535794386820953e-01
-6.948966252304877855e-02
-2.537519676419317527e-01
-2.201644311795489806e-01
8.902003073567832381e-02
8.258149880725889069e-01
3.571585603724938274e-01
2.223639040568912151e-01
-8.126321108813165939e-01
8.049677015079415021e-02
8.039518907630107680e-01
-3.267397519967274455e-02
2.506739351219153811e-01
2.763583626327035248e-01
-4.998345412640425867e-01
9.470403183062625629e-01
9.133262097830510129e-01
-4.768512399274127400e-01
-4.775815870849182687e-01
2.300922510627905204e-01
-3.203640877422460065e-01
-1.906330627500743002e-01
-4.638239044721350623e-01
8.335766565370141823e-01
2.714732961584025439e-01
7.010159882105695406e-01
8.894798205679281811e-01
-2.116205420187053932e-01
6.384398206647934337e-02
-4.235048286323905842e-02
5.200684389465730639e-01
-5.590567338623315674e-01
-2.234487640050371038e-01
-2.495020712185407330e-01
-2.290366993728829570e-01
3.418447815102143572e-01
9.284717738277215027e-01
1.303551217464695711e-01
3.769865476849609820e-02
-5.145477401028113462e-01
1.292787321999000483e-02
2.456839070558440863e-01
-4.446258677993755182e-01
-7.823348911177467890e-01
-4.363189422113726845e-01
5.820784732103772008e-01
-7.174068672690101511e-01
-5.815518897709406332e-01
4.176516816286368616e-01
7.553057021097395740e-01
8.858895945298450592e-02
-3.629098865308177935e-02
-3.833137281929770435e-01
1.428205292302511253e-01
-4.552081532819245435e-01
-4.115045073796963493e-01
-2.424195197401091129e-01
-9.791434469103887928e-02
6.575650242075232743e-01
7.866947555515053647e-01
-5.697907638272854403e-01
-1.390025590088332930e-01
1.634908535752543912e-04
-9.763916648206834026e-01
-4.520914787729053419e-01
-7.502738637067882799e-01
9.733786766803860235e-01
-8.176216827718851832e-03
-5.736565321750919377e-01
-3.248444524553018020e-01
8.740094255592456562e-02
-1.206217860533893571e-01
1.637590448387256092e-01
-6.420841405613764152e-02
2.821181441185063310e-01
-7.218444237554719756e-01
-1.343356720303923169e-02
-8.622410850989157272e-01
3.794615438041935018e-01
3.341929081035341920e-01
7.741762772876950027e-01
-5.950416090631860389e-01
-8.393024206900085993e-01
7.513907607570871061e-01
-9.410913401883411744e-01
6.234033895482531396e-01
-9.961135671005698633e-01
9.559744246433963255e-01
-9.263074217745168593e-01
6.317484254351322104e-01
4.487448469983168486e-01
9.238721473352200508e-01
