1.821072239312033769e-01
-3.623559064284823106e-01
5.070828062166286010e-01
4.189791932122073348e-01
1.421643248294145734e-01
-2.295075993074059961e-01
-4.720206401542352825e-01
3.470190883397389348e-01
2.355481583225781106e-02
-1.086110355264323646e-01
7.320774944181293598e-02
2.334548435363519303e-01
-3.105084954286466692e-01
5.824656264005089179e-01
-9.054567366846091869e-02
-4.136222777739243517e-01
3.265757184650421308e-01
-1.545808024603744224e-01
2.593386541701491743e-01
6.123215887803062918e-02
-4.907794961119555377e-01
-2.045995544048903603e-02
6.974580285533957813e-01
-3.195284431419930793e-01
4.221223760546327641e-01
-2.294142802464862185e-01
-5.535717383034970129e-02
-4.257789773958323143e-01
8.421509153888215304e-02
3.859478889183613481e-01
3.072043746212784199e-01
-1.672759040259214625e-01
2.276524345638527291e-01
3.108068783521186207e-01
6.401545739805052093e-02
-7.629322047068143320e-01
-5.812726111136451435e-01
4.370940726749965588e-01
1.843863060926088093e-01
-3.792697110251468384e-01
3.255414726481486443e-01
1.361815217132499312e-01
-6.126082995587117663e-02
-7.715549705347162224e-01
-1.168174973653396398e-02
5.858630944118822237e-01
2.774421897529659731e-01
1.116129210648499626e-01
3.942013474511263382e-01
5.098661252275111799e-01
2.341494086007075703e-01
-4.471971802940536977e-01
4.429027272824251349e-01
-1.261949554389963923e-01
2.652937391184380655e-01
1.362875003877440927e-01
1.965456864787919200e-01
8.333039021770871635e-02
-4.217826698372820204e-01
-4.900491299762205211e-01
1.837215422092491890e-02
-5.859530018287681941e-01
4.502815399105620231e-01
3.588388406689094201e-01
-7.296108265904613921e-01
-5.028560898330440843e-01
-4.868171639383543359e-01
-8.364693468827302247e-01
-3.048950610476803408e-02
8.250659059516866067e-01
-7.412837969512895420e-01
2.883283118280786095e-01
1.955832188896252655e-01
-3.768545478062461096e-01
-1.073683381290012478e-01
2.157243830385263406e-01
2.585533276182698514e-02
-4.644533178267825080e-01
-8.761731075890703824e-02
8.620797131133014490e-01
2.260277476244874212e-02
5.637006863117767497e-02
-3.401602274628794387e-01
5.552065380784015902e-01
7.026645791105967653e-01
-5.820490279338447204e-01
-5.404176997124184867e-01
-4.909894685305951634e-02
-3.882343886436493557e-03
1.672462760496373213e-01
2.063630790149176553e-01
-2.600593178689764029e-01
1.315791260560480180e-01
-7.012165898742925840e-01
-1.283573668895766351e-01
7.127742699939637605e-01
2.081062429382112555e-01
7.738075660130013800e-01
-9.947010859292379492e-02
2.276971620660502293e-01
8.601117018221972332e-02
-8.391711603121133900e-02
-2.514749137139512536e-01
-2.786933743075714065e-01
-3.471657554437631577e-01
6.388642951556882110e-01
-1.250623269088972089e-01
-5.029360293239170110e-01
-1.436070017655492193e-01
-5.134105226506840980e-01
-3.291749461609041472e-01
2.843806579084695030e-01
-3.872306607278717117e-01
6.028133968140131360e-01
-2.461021268588240996e-01
6.940942692593268792e-02
4.868548952514025197e-01
-3.629278084380369029e-02
5.380123838313906059e-01
3.560410322125808769e-01
3.601496557001575560e-01
-2.724477803465057968e-01
7.538550815231157554e-01
-4.496162677128162644e-01
-8.821979738279797645e-02
-1.361928477476632982e-01
5.569325828354035890e-01
8.170216898179619158e-02
3.211902665472700091e-01
4.863545537423703824e-02
1.821545958093852002e-01
1.865601383146822112e-01
6.370561923730201359e-01
7.692591691777850293e-01
-3.585224365585920614e-03
-1.688102378150778127e-01
1.099127559118132508e-01
-3.314981511934708691e-01
3.382875310581139883e-01
-3.894417937133437535e-01
7.267025833179399652e-02
5.928943823450553152e-01
-3.281922355457984608e-01
2.143078296657753568e-01
5.279284737704182523e-02
4.773195095774676044e-01
-2.481808718187943352e-01
-6.048762248718974055e-01
5.730691499544715573e-01
-3.755881621869282538e-01
-8.270000045542448552e-02
-1.231644427395780228e-01
1.825377176141481372e-01
2.464232444538151934e-01
7.562674437067262723e-02
1.420944580902346877e-01
5.161218404621004119e-01
2.795333371359280950e-01
-1.012968993485815761e-01
5.182070084253402875e-01
2.354966515805130278e-01
4.419711304311411126e-01
-6.812131828945445777e-01
1.944598329346071408e-01
4.290548749943132179e-01
5.301865083273575863e-01
2.481211885408858286e-01
5.175294173862435843e-01
-3.900610795375458739e-02
-1.233087723074747510e-01
7.372984086575904428e-01
-6.106403209925529429e-01
-2.173606205319858764e-01
5.431590256795244542e-01
-1.613633084498803105e-01
2.940591902986514072e-01
-7.952717479499041286e-02
5.538292432007944077e-01
-4.385845463519195964e-02
-4.381213410112474449e-01
4.128062186909818299e-01
-6.400453934234587861e-01
5.613014954581372340e-01
-5.561819583517772086e-02
7.589918479267690476e-02
-4.866003272504820787e-01
-1.592300004415487524e-01
-5.650951864425628468e-01
-1.088427748156933078e-01
1.590783239231330637e-01
5.880245860307822259e-01
-7.318176263924762726e-01
5.186066070759419722e-01
-1.455008944566857920e-01
1.867037625739368101e-01
-2.497531853152599457e-01
5.252733094816812720e-01
1.768088612375210977e-01
-2.377001141707252851e-01
-5.163921986131242425e-01
2.208499768212447700e-01
-6.279192088308246378e-01
-3.569319390564473227e-01
4.898049237883298490e-01
1.720956941810107832e-01
-5.136026329272957991e-02
-9.651229703584744690e-02
-3.970132887198275506e-01
-3.728143544662730902e-01
1.934823928136588378e-01
2.597761884156143952e-02
-5.137810092049309718e-01
8.023870607987876324e-02
-9.718958912905147074e-02
-8.325595956709466727e-03
-2.115362118381036993e-01
2.203260564387884632e-02
-3.887474992044575028e-01
7.080446539245712767e-01
4.325358499274257196e-01
-4.343885926026514466e-01
-5.518664431111178770e-01
-4.600087026398991807e-01
5.908722222068985008e-01
2.531953602775040557e-01
-2.835582187574757773e-01
-2.126431420894449309e-01
6.238053827731893097e-01
2.449826565684538535e-02
1.511508757854934937e-01
-6.519123461214695325e-01
-3.868797845316673811e-02
7.408473506978867362e-02
5.690216736039629408e-01
-2.711403988777169594e-01
-3.950369029346565419e-01
7.066668383951223431e-01
1.037850294326098516e-01
6.078831669341230315e-01
-5.497735139100721202e-01
-6.361020609777778834e-01
-2.885697281064358299e-01
5.485527974349468233e-02
-2.051656887735955892e-02
4.269617350595016902e-01
3.274706643870278766e-02
3.739641945065101947e-01
2.277199809460612456e-01
4.665722415450865301e-01
-5.373192002885860408e-01
5.369725781958351041e-01
-5.180391472738032910e-02
5.952436453046352494e-01
-2.093297191085708997e-01
2.736123339709290447e-01
4.455310776196881317e-01
2.668139591644029252e-01
-1.323139108788494167e-01
3.375644446901271412e-02
4.685508260179602757e-01
-5.376753113564540776e-01
1.013404921704840200e-01
4.205329231618902819e-01
-2.683105701600878579e-01
-4.787934487704283981e-01
