-5.053677228180843972e-01
-3.614455618699350947e-01
7.131832391827807038e-01
-4.909705696584281687e-01
-3.595274683354868217e-01
1.574472058688606291e-01
4.816547464435955717e-01
1.657346816081249341e-01
1.440701883432889130e-01
4.796137059223057886e-01
-2.452480115695753748e-01
-2.065621705606305591e-01
-6.271422298062898637e-01
-5.394313099336903727e-01
6.223793279264944189e-01
2.796176293126969026e-01
-7.549322032878669209e-02
-1.146588477068345158e-01
2.975983979352046505e-01
-2.829663147968086157e-01
-1.119215937826293916e-01
6.852261607890607342e-01
-2.647428809751543044e-01
-2.808876728838219372e-01
2.828544392002070237e-02
-1.202479193564900406e-01
-5.009169187073060359e-01
-1.952752899259783126e-01
-5.789359817671865249e-01
-3.538856770408403962e-01
5.598747486936478390e-02
-4.136414339603948220e-01
-1.853933986043091175e-01
-1.715230246638134448e-01
6.250820620482707701e-01
-1.087773484128381485e-01
-7.694221074717857989e-02
2.558174492849470405e-01
-7.996003395737021346e-01
4.674788183664301267e-01
2.126328017795321157e-01
2.691551188068347020e-02
2.955132173326944361e-02
-2.566303615430179930e-01
8.559978284664977732e-02
1.153663526891085672e-01
6.213551760703317495e-01
-4.790865462427960630e-01
-4.379536793702785147e-01
1.324498122800806810e-01
1.889982424619587043e-01
-3.253965788521118729e-01
7.121315181762173374e-01
2.924442065412219405e-01
2.553918771558151835e-01
2.181824909182926708e-01
-1.914730183887018988e-01
-1.517099528196841352e-01
4.467696662845825339e-01
5.112681368941445204e-01
3.049788459370968430e-01
-4.537849251989503618e-01
-4.057889255087858693e-01
-4.363576111248336775e-01
-5.157362816608519474e-01
-2.456496440926043967e-01
-3.491249832405469156e-01
-1.570720599792985450e-01
-4.984180391419158473e-01
-1.738684381875268969e-01
-1.198226259668172394e-01
2.211767588555563491e-01
-2.068564580246026741e-01
1.912893734183929995e-01
-3.273421614239849786e-01
-1.359706709096560606e-01
6.284186650374747052e-02
2.741206704999354371e-01
-2.930417240577662397e-01
-7.140864189928198824e-01
3.783057003982637223e-01
-4.240160907437883209e-01
-7.482349964029998413e-01
4.362363760707361759e-01
-5.177559960137956274e-01
-2.564735743920282807e-01
-2.562239231216074109e-01
3.928011083426582450e-01
7.093326288277989056e-01
2.139372069688342259e-01
4.646112853117974062e-01
4.990314932050529118e-01
-3.722022978498485957e-01
1.629956772124662445e-01
-4.885782121386281901e-02
3.980316603506115491e-01
-4.658983098084767960e-04
9.342859745600129440e-02
7.360919894167065047e-01
3.996309970799110656e-01
-1.415064837476925907e-01
4.854028870098194837e-01
3.221825964333664971e-01
8.188771388619089237e-03
-3.927217962318135247e-01
-3.754437038029810880e-01
5.511705706171929897e-01
3.349867403460951021e-01
2.118685675952646230e-01
-5.759360983452006533e-01
5.256761843611654772e-01
-2.004860788662229942e-03
-1.559310443173455435e-02
-1.582214828729938960e-01
7.108394979513180667e-01
5.179250858774815391e-01
-2.954928064896654716e-01
5.893468601227342951e-01
-4.619203030186064263e-01
-7.074906129192183313e-01
-4.955826563480966729e-03
-3.392246689999504072e-01
5.604766585979624738e-01
-5.305468209893665632e-01
-1.071087406909301820e-01
6.332760511658078739e-01
5.937829356413469872e-01
6.485087254916339639e-01
4.874633874600913241e-01
-9.856105353903862887e-02
-1.320461203132435122e-03
-1.505617657800633891e-01
-2.214198988023156067e-01
-3.815094217182099512e-01
-8.029806725994909078e-02
1.083046940319852963e-01
2.747830435185888431e-01
9.729643120062581030e-02
7.780736700415412377e-02
-4.684140485740418969e-01
-2.237841418875194388e-01
4.065042049610641528e-01
7.560294818331891875e-01
-2.319585798065362803e-01
7.396132564626271000e-01
2.992215730625435999e-01
-4.010005402185973233e-01
-1.445609259497745436e-01
-4.695086261365054581e-01
-3.418760843218468515e-01
-6.132882554440433065e-01
-6.430144772107794504e-02
2.309618770096295570e-01
2.053237604960309326e-01
-4.295079921775000198e-01
1.024584823494925460e-02
4.505871360775943746e-01
-4.808188044701524055e-01
2.501724375330666161e-01
1.257413486789414059e-01
-4.336667763282089361e-01
1.097929427411400288e-01
-4.052881476968682173e-01
1.618658886658154716e-01
-2.017037025307774067e-01
1.118078882321715400e-01
8.332756706760265919e-01
-3.475397617015285046e-01
5.202057402222757254e-01
-2.532718049456463283e-01
3.534341357646177406e-01
4.280065563023416342e-01
3.174657334279064602e-01
6.256261662295056203e-01
-3.408161546614177362e-02
-8.906699116387009618e-02
2.449864621458258951e-01
-3.873334857506929851e-01
-6.578829519851663310e-01
-9.806447827004277640e-02
3.547463849454767781e-01
5.167059968667416792e-01
-2.297025448028373051e-01
-1.899228044852013797e-01
3.802891856670130855e-01
6.481002005585767556e-02
-1.511685601055819950e-01
-4.236420068984326770e-01
4.858064508820845312e-02
2.109184210371096990e-02
-6.041816466752677472e-01
6.687911313778265310e-01
1.451348768421295565e-01
7.189220005074784536e-01
-2.181681713704450853e-01
-5.031105167074702011e-01
1.791013917477097539e-01
-5.695429542703381864e-01
-6.303729017215929931e-01
5.694555922930204239e-02
-1.573976260116300430e-01
-3.718490735337003916e-01
-2.127032059948789564e-02
-2.865497193852199476e-01
-4.214887600786896282e-01
5.453924662524526346e-01
-2.812368337655676842e-01
4.626298705469307215e-01
2.122920134777129264e-01
-3.490211923862676091e-01
-4.153922403856936674e-01
-2.351135801396654346e-01
4.238102724053581238e-01
4.702018638795137373e-01
-2.201882076083716902e-02
5.695062319872393752e-01
-2.205227735620314267e-01
-5.883894143678779498e-01
4.659169465257545495e-01
-4.163481078641825261e-01
-4.795538568388376666e-01
2.070471544596823033e-01
2.518526375745172019e-01
1.688008315919072855e-01
3.657964480055342915e-01
-4.105361207340953167e-02
-6.992330001622080182e-01
-1.471984357401063537e-01
1.495793167951862401e-01
-5.117996695776851901e-01
1.269401642656280138e-01
7.109988240087711242e-02
5.375827002621613726e-01
3.433186341044834333e-01
3.371744666873063845e-01
5.518600264018675983e-01
-5.500035736867112668e-01
5.519082043702914220e-01
9.509358713507758132e-02
2.255554953539146978e-01
-4.925458877193980567e-01
-4.739701849588200816e-03
6.134658875956148227e-01
7.766460012384600597e-01
-4.765787019199337893e-01
3.802577422871534774e-01
-1.490454942937723126e-01
2.218977819899803361e-01
3.540248254344895984e-01
6.255924946517738006e-01
-4.832438520748754684e-01
5.172808676643200210e-01
5.644130787241868896e-01
2.747647678282685302e-01
1.600606640971352079e-01
-3.356424025984615089e-01
-1.372331763739030042e-01
4.384632622050406159e-01
-2.045564218242837407e-02
-1.383870721274884641e-01
1.766183214896598352e-01
-8.994252470147194589e-02
-3.549767827619114691e-01
1.129939567777567266e-02
-5.732240063958967680e-01
