-8.334766875903980299e-02
-0.000000000000000000e+00
0.000000000000000000e+00
0.000000000000000000e+00
-0.000000000000000000e+00
4.841812286163322820e-01
0.000000000000000000e+00
-0.000000000000000000e+00
0.000000000000000000e+00
-0.000000000000000000e+00
-0.000000000000000000e+00
-4.386639168291178725e-01
0.000000000000000000e+00
-0.000000000000000000e+00
0.000000000000000000e+00
2.620113166058304910e-01
0.000000000000000000e+00
-0.000000000000000000e+00
-0.000000000000000000e+00
0.000000000000000000e+00
0.000000000000000000e+00
0.000000000000000000e+00
-0.000000000000000000e+00
-0.000000000000000000e+00
3.691107222130415866e-01
0.000000000000000000e+00
0.000000000000000000e+00
-0.000000000000000000e+00
0.000000000000000000e+00
0.000000000000000000e+00
-0.000000000000000000e+00
-0.000000000000000000e+00
-0.000000000000000000e+00
9.153595597674106521e-02
-0.000000000000000000e+00
-0.000000000000000000e+00
-6.606820370176821888e-02
0.000000000000000000e+00
0.000000000000000000e+00
0.000000000000000000e+00
0.000000000000000000e+00
-0.000000000000000000e+00
-2.103788384290769808e-01
-0.000000000000000000e+00
0.000000000000000000e+00
2.841218548089295415e-01
-7.515875961367822489e-02
-0.000000000000000000e+00
0.000000000000000000e+00
3.986510353440608223e-01
0.000000000000000000e+00
-9.994972650032801775e-02
-0.000000000000000000e+00
-1.633019599983921433e-01
0.000000000000000000e+00
-0.000000000000000000e+00
-0.000000000000000000e+00
-0.000000000000000000e+00
0.000000000000000000e+00
1.437090426565243162e-01
0.000000000000000000e+00
-2.276189682349917531e-02
1.950639262916234809e-02
-2.328019898939242827e-01
-0.000000000000000000e+00
0.000000000000000000e+00
1.992290136977264703e-01
0.000000000000000000e+00
0.000000000000000000e+00
-2.199112496915519854e-01
-0.000000000000000000e+00
-0.000000000000000000e+00
-0.000000000000000000e+00
1.552430627510327787e-01
-0.000000000000000000e+00
-0.000000000000000000e+00
7.040172557645023310e-02
2.008364794032218778e-02
-0.000000000000000000e+00
0.000000000000000000e+00
0.000000000000000000e+00
0.000000000000000000e+00
-0.000000000000000000e+00
0.000000000000000000e+00
-0.000000000000000000e+00
0.000000000000000000e+00
3.599057279631113528e-03
-0.000000000000000000e+00
0.000000000000000000e+00
0.000000000000000000e+00
0.000000000000000000e+00
0.000000000000000000e+00
0.000000000000000000e+00
-4.628825070530716290e-02
0.000000000000000000e+00
-0.000000000000000000e+00
-0.000000000000000000e+00
5.102134400647247992e-01
0.000000000000000000e+00
0.000000000000000000e+00
-0.000000000000000000e+00
-0.000000000000000000e+00
0.000000000000000000e+00
0.000000000000000000e+00
-0.000000000000000000e+00
0.000000000000000000e+00
4.241330692766027144e-01
0.000000000000000000e+00
1.758069311510965238e-01
-0.000000000000000000e+00
0.000000000000000000e+00
-0.000000000000000000e+00
0.000000000000000000e+00
0.000000000000000000e+00
0.000000000000000000e+00
-1.482488674944594520e-01
-1.845414283503146735e-01
-0.000000000000000000e+00
-0.000000000000000000e+00
5.414465378383292310e-02
0.000000000000000000e+00
-0.000000000000000000e+00
0.000000000000000000e+00
-0.000000000000000000e+00
-1.872113615967820749e-02
-6.151011419341285286e-02
0.000000000000000000e+00
-0.000000000000000000e+00
0.000000000000000000e+00
0.000000000000000000e+00
-0.000000000000000000e+00
-1.661005948547808475e-01
-0.000000000000000000e+00
-0.000000000000000000e+00
0.000000000000000000e+00
0.000000000000000000e+00
-0.000000000000000000e+00
-0.000000000000000000e+00
0.000000000000000000e+00
-0.000000000000000000e+00
-4.745216383787163872e-02
0.000000000000000000e+00
-2.786030576686431282e-01
0.000000000000000000e+00
-2.324752400228571880e-02
-2.854823849398446245e-01
0.000000000000000000e+00
0.000000000000000000e+00
-0.000000000000000000e+00
0.000000000000000000e+00
-0.000000000000000000e+00
0.000000000000000000e+00
-1.120103101736317774e-01
-0.000000000000000000e+00
-0.000000000000000000e+00
-0.000000000000000000e+00
0.000000000000000000e+00
-6.464697081958977742e-01
0.000000000000000000e+00
-0.000000000000000000e+00
0.000000000000000000e+00
-2.744751495334525337e-01
1.634025639045484646e-02
-0.000000000000000000e+00
-1.450345772563481073e-01
0.000000000000000000e+00
-0.000000000000000000e+00
-0.000000000000000000e+00
7.310754168219454896e-02
-0.000000000000000000e+00
-0.000000000000000000e+00
0.000000000000000000e+00
-4.754751815516810587e-01
0.000000000000000000e+00
-0.000000000000000000e+00
-0.000000000000000000e+00
-0.000000000000000000e+00
-0.000000000000000000e+00
3.106554735964246472e-01
-0.000000000000000000e+00
2.760089719348768345e-01
-0.000000000000000000e+00
-1.287395342230185369e-01
-1.719322138639999831e-01
3.632002939188374580e-01
0.000000000000000000e+00
-8.965294665376971617e-02
-0.000000000000000000e+00
0.000000000000000000e+00
-0.000000000000000000e+00
-5.143850521247312485e-02
-0.000000000000000000e+00
0.000000000000000000e+00
0.000000000000000000e+00
-0.000000000000000000e+00
-0.000000000000000000e+00
0.000000000000000000e+00
2.268922573978862656e-01
0.000000000000000000e+00
0.000000000000000000e+00
0.000000000000000000e+00
-2.766220972472686890e-02
0.000000000000000000e+00
-0.000000000000000000e+00
0.000000000000000000e+00
0.000000000000000000e+00
-0.000000000000000000e+00
0.000000000000000000e+00
0.000000000000000000e+00
-0.000000000000000000e+00
-0.000000000000000000e+00
-0.000000000000000000e+00
-0.000000000000000000e+00
0.000000000000000000e+00
-0.000000000000000000e+00
0.000000000000000000e+00
0.000000000000000000e+00
-0.000000000000000000e+00
0.000000000000000000e+00
-0.000000000000000000e+00
0.000000000000000000e+00
-3.052049460569817851e-01
-0.000000000000000000e+00
1.257396650845578889e-01
0.000000000000000000e+00
-0.000000000000000000e+00
-4.022346698852721225e-01
0.000000000000000000e+00
-0.000000000000000000e+00
2.706501028497413919e-01
0.000000000000000000e+00
5.201665570627751478e-01
-0.000000000000000000e+00
0.000000000000000000e+00
-0.000000000000000000e+00
-0.000000000000000000e+00
-0.000000000000000000e+00
7.139137932538727749e-02
1.043393270286619851e-01
0.000000000000000000e+00
-0.000000000000000000e+00
-0.000000000000000000e+00
-0.000000000000000000e+00
0.000000000000000000e+00
4.509811040130277671e-01
-0.000000000000000000e+00
-0.000000000000000000e+00
-0.000000000000000000e+00
3.396422327058172264e-01
0.000000000000000000e+00
0.000000000000000000e+00
-0.000000000000000000e+00
-0.000000000000000000e+00
0.000000000000000000e+00
-0.000000000000000000e+00
-0.000000000000000000e+00
0.000000000000000000e+00
1.897139042227560246e-01
0.000000000000000000e+00
3.228591353884138759e-01
-0.000000000000000000e+00
-0.000000000000000000e+00
0.000000000000000000e+00
-0.000000000000000000e+00
0.000000000000000000e+00
