9.530008628162116580e-01
8.692015070276237765e-01
2.946697626129357594e-02
-8.103113288793764024e-01
-1.918627900519043195e-02
1.542190906633704728e-01
7.023550407329546275e-01
-7.708987226819503658e-01
4.792372971976273099e-01
2.215783870035377134e-01
-3.630661863513913179e-01
2.377002524268754247e-01
-8.086002466976249803e-01
2.642211778750966911e-01
4.547301696682981564e-01
1.146464063995069615e-01
-9.724881262602298460e-01
-5.899843714882091472e-01
9.903572789155294931e-01
1.783346419318978526e-01
-4.275119532908522313e-01
4.668465703886379714e-01
6.042372656481442839e-02
-6.694978433666953777e-02
-8.809248214955389678e-01
-6.660954364785589554e-01
-6.245780414986030760e-01
-2.103054927819769659e-02
-7.476935833193174563e-01
-1.244881958251637943e-01
8.556964083662359499e-01
9.648049259022253299e-01
-2.613655601515998406e-01
-3.365744936209968952e-01
-4.698750027059950263e-02
-4.343378842193748035e-01
-7.915363321429942367e-01
-3.493106882371270761e-01
6.317687973782724065e-01
-9.228422932423638869e-01
-2.773187848136695610e-01
6.105287088848279087e-01
4.355550758395410060e-01
4.692435500480094390e-01
3.810475557338630637e-01
8.005538347491696349e-01
3.442376095864418950e-01
-9.303556798641401393e-01
9.594018214351729412e-02
2.667043705748370908e-01
4.479441867679110345e-01
-7.261599147747332950e-01
-8.001409706561934954e-01
-9.550396069703548374e-01
7.190770386310243456e-01
-9.900547938338113418e-01
-5.321089360969986082e-01
1.247299285815650638e-01
-1.131191266982289889e-01
-1.659779283440998565e-01
9.783100294576800859e-01
6.002605270253620340e-01
8.600747087322593298e-01
-4.397464209396733104e-01
-8.611790133077110720e-01
1.790233351366972148e-01
-1.277012216622264162e-02
9.106148971924454827e-01
2.473944632227873530e-01
3.656167891798820513e-01
4.669604106714018155e-01
-5.250064005910308751e-01
-6.325311585955386562e-01
7.198658917517697375e-01
-4.386419359204516422e-01
-1.095739143069389687e-01
2.894737894666339351e-01
3.950220605206231639e-01
3.630417233013760736e-02
-7.970985659779359356e-01
-6.846361486490057935e-01
-3.069888273284893110e-01
-7.776687898747951522e-01
-4.196146237883995322e-01
3.777910060968494577e-01
-9.224537256985878564e-01
6.479096112034898880e-02
8.803097687519882975e-01
-2.748442489193547722e-02
3.828711592588480706e-01
-2.015239039995913028e-01
-1.961524012323920818e-01
9.759338700445698844e-01
4.906693079180506345e-01
-2.311121831938145466e-01
2.887127779889906432e-01
-8.136555920482502202e-02
-2.146938203781720844e-01
6.723151974619405724e-01
4.691971776875725197e-02
6.332538048274605202e-01
3.642759093160035100e-01
7.026528028109593205e-01
5.335052329254497128e-01
-2.644579303398031378e-01
-3.255681404871249018e-01
6.656573725675747344e-01
-9.035791192244710945e-01
2.986618063974366688e-01
3.858410961601510536e-02
4.388786106972319967e-01
6.023861427174432848e-01
-5.081677716451376003e-01
2.072271595831054469e-01
-4.155769960398558727e-01
-8.720914239850539040e-01
9.091189324098647440e-01
2.578041925187113392e-02
-1.134638240736680626e-01
-5.579598818967208551e-01
5.729331797038486052e-01
2.719122203971957585e-01
-5.245202771846821932e-01
8.272165717777917315e-01
8.671125796590226642e-01
-3.316615409704852802e-01
1.747006078725046319e-01
-8.124311705273092876e-01
-2.506490389117530526e-01
-3.286020899814412477e-01
7.738294486178456388e-01
5.457333938857387157e-01
6.017512103982494143e-01
-7.694078881351251731e-02
-6.409758843726724997e-01
5.083318613195544344e-01
9.736694986203937585e-01
8.935599843846975254e-02
8.256675411302116796e-01
6.993957952303091474e-01
2.829306903471986434e-01
-4.517400844230585744e-01
7.758746492495038893e-01
7.329846278730389741e-01
6.976243341247976293e-01
-7.214275928152429351e-01
4.609931134056328705e-01
-7.956421428616344826e-02
-6.087315725280608714e-01
-2.745599014103801139e-01
-4.916881532870571725e-01
-8.969591426323841876e-01
9.457936323488356223e-01
1.156364472641957519e-02
-5.992631369204639569e-01
8.110153703039173489e-01
9.453730502876132036e-01
-6.918451154951279491e-01
5.567280332247666053e-01
9.343879543153175149e-01
-3.666750466853987422e-01
4.178913789253029254e-01
-9.076101974633650205e-01
3.405042720060031947e-01
8.084587008150667664e-02
8.296850070632610930e-02
2.564104274035505782e-02
-5.424197570456639195e-01
5.412454636239294459e-03
4.418980065346400643e-02
-9.008306994694239567e-01
3.064864688013899663e-01
2.709512683476649197e-01
4.329705340389289336e-01
5.283722901920697712e-01
4.645863322087049330e-01
1.296132622466901196e-01
4.029512795810108461e-01
-8.067732964777869498e-01
7.709753880539482740e-01
1.503556838507416060e-01
-8.564839539929272050e-01
-5.095298434631427842e-01
3.329513420885372721e-01
6.390417700694905889e-02
1.068328404236473794e-02
-1.422249537193831515e-01
-9.911633053496782253e-01
1.801511520429888158e-01
-4.419844949067510687e-01
-2.677879241005303168e-01
4.718413368012372988e-01
-8.847172567704719714e-01
3.661937248504283371e-01
3.058705493086117944e-01
8.336362636394936132e-01
9.518401440114134804e-01
-4.899044925621960367e-01
-6.299463669226028628e-01
9.809776790461566254e-01
-1.641995070997481765e-01
8.736792170847829109e-01
8.875256452148998498e-01
4.513385226455011168e-01
-4.584281601622117730e-01
4.229583004604038354e-01
-1.110131844914157284e-01
9.083211081765696360e-01
5.568410144189661626e-01
4.814974932332372060e-01
1.537433942346924098e-01
4.447843473622885568e-01
-9.125882380196264076e-01
-1.014643275418780632e-02
2.202973223501087929e-01
-8.551435303052801196e-02
5.708072053913444410e-01
3.653610289363171670e-01
7.995423712076346057e-01
-5.096978912305758502e-01
-8.855847683994766406e-01
1.823699390168174173e-01
3.452743251093044474e-01
5.596774448332222374e-01
-6.645641690044414851e-01
9.930189629892764991e-01
1.779183307184235563e-01
6.508275517160331258e-01
3.990384032670317715e-01
-4.332323618735205439e-01
-7.424789428729861029e-01
6.905969273010816867e-01
2.790666782237418708e-01
-5.698817283628634378e-01
7.519419861254306170e-02
6.788337858329747121e-01
1.868969227572803149e-02
-7.429539377174816384e-01
4.649783298832057543e-01
-4.532661649244100754e-01
5.751656871415569139e-01
-6.854830604374198000e-01
4.327002776308574994e-02
5.042077536306512897e-01
9.964245863046865548e-01
-3.314547692425782177e-01
3.471689461368514529e-01
7.518585299882452055e-01
-6.576443709369532709e-01
2.157331000084690142e-01
7.277954495609932906e-01
-6.970562300589766558e-02
-8.902204973298828428e-01
-3.074123972347868605e-01
7.864496759739747489e-02
5.799769018377853858e-01
6.273332617583156079e-01
-8.972170474940699414e-02
-1.065797659388560970e-01
6.983131599919012444e-02
-7.285339484772337393e-01
-4.105859092894394990e-01
6.828655123308946528e-02
-3.368183239128439421e-01
3.192028894819365359e-01
