0.000000000000000000e+00
0.000000000000000000e+00
2.129997586644250263e-01
0.000000000000000000e+00
-0.000000000000000000e+00
-0.000000000000000000e+00
-0.000000000000000000e+00
-0.000000000000000000e+00
-0.000000000000000000e+00
-0.000000000000000000e+00
0.000000000000000000e+00
0.000000000000000000e+00
-1.151000900006127342e-01
-0.000000000000000000e+00
-0.000000000000000000e+00
0.000000000000000000e+00
-0.000000000000000000e+00
-0.000000000000000000e+00
-0.000000000000000000e+00
1.700490464075246344e-01
-0.000000000000000000e+00
0.000000000000000000e+00
-5.001497530362127714e-02
2.124482681281260332e-02
0.000000000000000000e+00
-0.000000000000000000e+00
0.000000000000000000e+00
-0.000000000000000000e+00
3.115695657472965924e-02
-0.000000000000000000e+00
-0.000000000000000000e+00
1.930657874947437069e-01
-0.000000000000000000e+00
0.000000000000000000e+00
-9.576630800204033456e-02
0.000000000000000000e+00
-1.283576253217833252e-01
-0.000000000000000000e+00
0.000000000000000000e+00
0.000000000000000000e+00
-0.000000000000000000e+00
-0.000000000000000000e+00
-0.000000000000000000e+00
-0.000000000000000000e+00
0.000000000000000000e+00
-3.952755058878345551e-01
-1.404848042402604691e-01
-1.118951419092696492e-01
0.000000000000000000e+00
-0.000000000000000000e+00
0.000000000000000000e+00
0.000000000000000000e+00
0.000000000000000000e+00
-0.000000000000000000e+00
0.000000000000000000e+00
-5.294265973569142053e-02
-0.000000000000000000e+00
7.536988480526345124e-02
0.000000000000000000e+00
0.000000000000000000e+00
0.000000000000000000e+00
-0.000000000000000000e+00
5.620648048595471707e-02
0.000000000000000000e+00
0.000000000000000000e+00
0.000000000000000000e+00
-0.000000000000000000e+00
5.243268571341705431e-02
-0.000000000000000000e+00
0.000000000000000000e+00
-0.000000000000000000e+00
-0.000000000000000000e+00
0.000000000000000000e+00
-0.000000000000000000e+00
-0.000000000000000000e+00
0.000000000000000000e+00
3.011062331419316895e-01
0.000000000000000000e+00
0.000000000000000000e+00
-0.000000000000000000e+00
3.345844846573537562e-02
-0.000000000000000000e+00
-1.334262709180595585e-01
0.000000000000000000e+00
-0.000000000000000000e+00
0.000000000000000000e+00
-0.000000000000000000e+00
-0.000000000000000000e+00
0.000000000000000000e+00
0.000000000000000000e+00
2.272941879647984720e-01
-0.000000000000000000e+00
2.229160902986461468e-01
-0.000000000000000000e+00
-0.000000000000000000e+00
0.000000000000000000e+00
0.000000000000000000e+00
0.000000000000000000e+00
0.000000000000000000e+00
-2.138748623340906430e-01
0.000000000000000000e+00
0.000000000000000000e+00
1.458661698484413904e-01
0.000000000000000000e+00
-0.000000000000000000e+00
-0.000000000000000000e+00
0.000000000000000000e+00
-0.000000000000000000e+00
0.000000000000000000e+00
2.331868264003330443e-02
-0.000000000000000000e+00
-0.000000000000000000e+00
0.000000000000000000e+00
-0.000000000000000000e+00
-0.000000000000000000e+00
1.073831845913287945e-02
0.000000000000000000e+00
0.000000000000000000e+00
-1.714342966813788005e-01
0.000000000000000000e+00
-0.000000000000000000e+00
-0.000000000000000000e+00
-0.000000000000000000e+00
0.000000000000000000e+00
0.000000000000000000e+00
0.000000000000000000e+00
-0.000000000000000000e+00
-0.000000000000000000e+00
0.000000000000000000e+00
-0.000000000000000000e+00
1.523835884418299480e-01
0.000000000000000000e+00
0.000000000000000000e+00
-0.000000000000000000e+00
0.000000000000000000e+00
0.000000000000000000e+00
0.000000000000000000e+00
0.000000000000000000e+00
-0.000000000000000000e+00
-0.000000000000000000e+00
0.000000000000000000e+00
0.000000000000000000e+00
0.000000000000000000e+00
0.000000000000000000e+00
-0.000000000000000000e+00
0.000000000000000000e+00
8.527980575694555504e-03
0.000000000000000000e+00
0.000000000000000000e+00
0.000000000000000000e+00
-1.925588540882055069e-02
-0.000000000000000000e+00
0.000000000000000000e+00
-0.000000000000000000e+00
0.000000000000000000e+00
0.000000000000000000e+00
0.000000000000000000e+00
-0.000000000000000000e+00
-0.000000000000000000e+00
0.000000000000000000e+00
-0.000000000000000000e+00
-0.000000000000000000e+00
0.000000000000000000e+00
0.000000000000000000e+00
0.000000000000000000e+00
0.000000000000000000e+00
-0.000000000000000000e+00
7.047467260976195136e-02
-0.000000000000000000e+00
-3.261776129832459903e-01
-1.663650783693808866e-01
-0.000000000000000000e+00
-0.000000000000000000e+00
-0.000000000000000000e+00
-0.000000000000000000e+00
0.000000000000000000e+00
-0.000000000000000000e+00
-0.000000000000000000e+00
-0.000000000000000000e+00
0.000000000000000000e+00
0.000000000000000000e+00
1.532740678202522966e-01
-0.000000000000000000e+00
0.000000000000000000e+00
0.000000000000000000e+00
-0.000000000000000000e+00
0.000000000000000000e+00
0.000000000000000000e+00
0.000000000000000000e+00
-0.000000000000000000e+00
-0.000000000000000000e+00
0.000000000000000000e+00
-0.000000000000000000e+00
1.788376284395350735e-01
0.000000000000000000e+00
0.000000000000000000e+00
0.000000000000000000e+00
3.201716768242236499e-01
0.000000000000000000e+00
-3.103540328329209563e-01
0.000000000000000000e+00
1.411052553922058361e-01
-0.000000000000000000e+00
-0.000000000000000000e+00
-0.000000000000000000e+00
0.000000000000000000e+00
-0.000000000000000000e+00
-0.000000000000000000e+00
0.000000000000000000e+00
-0.000000000000000000e+00
-0.000000000000000000e+00
0.000000000000000000e+00
2.306145017102549655e-01
-0.000000000000000000e+00
-7.102172246114644635e-03
0.000000000000000000e+00
-0.000000000000000000e+00
0.000000000000000000e+00
-0.000000000000000000e+00
-0.000000000000000000e+00
0.000000000000000000e+00
0.000000000000000000e+00
0.000000000000000000e+00
3.244132919863360054e-02
-1.575161749696009361e-01
-0.000000000000000000e+00
-3.946315778016006720e-02
0.000000000000000000e+00
0.000000000000000000e+00
0.000000000000000000e+00
-0.000000000000000000e+00
-0.000000000000000000e+00
0.000000000000000000e+00
-0.000000000000000000e+00
1.300836855230321464e-02
-0.000000000000000000e+00
-5.349932277635748024e-02
0.000000000000000000e+00
-0.000000000000000000e+00
1.790225071090974507e-01
0.000000000000000000e+00
0.000000000000000000e+00
0.000000000000000000e+00
-2.387224158101214008e-02
0.000000000000000000e+00
0.000000000000000000e+00
-2.178073259074705254e-02
0.000000000000000000e+00
0.000000000000000000e+00
0.000000000000000000e+00
-3.706990303301649914e-01
6.658304468564400780e-02
-7.235721238428383106e-02
-0.000000000000000000e+00
8.143558773262139783e-02
0.000000000000000000e+00
0.000000000000000000e+00
-0.000000000000000000e+00
-0.000000000000000000e+00
-2.809133915119582312e-02
0.000000000000000000e+00
-1.904337693861359870e-01
0.000000000000000000e+00
-0.000000000000000000e+00
-6.140952975406292064e-02
