6.435135471015409614e-01
4.952715777149052645e-01
-1.206670150685476006e-01
-6.471438352303497954e-01
8.931303981274085757e-02
-3.101328248440211599e-01
8.017090966011641839e-01
-8.412436981885629272e-01
-6.869246656974636878e-01
-5.257853257573983363e-01
-2.991374640467818757e-01
-6.380944651813920121e-01
6.621954360440553966e-01
9.868690349451623156e-01
-2.677957216458286549e-01
8.442212008752600916e-01
-3.377281465566746022e-01
2.053316658548265394e-02
8.137022375110725125e-01
-3.335928895394304483e-01
5.148270378431876182e-01
-7.374719260986986047e-01
-1.641806302660426820e-01
8.235794778348233258e-01
-8.370829842949099042e-01
4.478128109264036816e-01
3.668094571424920236e-01
7.954809074444617600e-01
2.629831631534138570e-01
-6.161089535859165522e-02
8.551122635640158176e-01
2.313442376709058390e-01
-7.468706424398334764e-01
-1.580262065665973825e-01
-2.767507224245298048e-01
9.810403532152414119e-01
-3.409456848954817154e-02
-1.571652197733157674e-01
2.423840891918453977e-01
-8.171922267446520838e-01
-5.649522618824516229e-01
9.695188434340882289e-01
2.344261512066767583e-01
5.989462446212152624e-01
7.321811132991107307e-01
5.888911157440817057e-01
5.747406147390849984e-01
8.861067069187462675e-01
9.946341754126526435e-01
-6.606818989278642196e-01
2.134507057087908777e-02
1.229965545967166562e-01
-4.573665848917836119e-01
1.005932610468061039e-01
-6.454318702019679055e-01
-2.782192172612814041e-01
8.576672738383170902e-01
3.101115274792975995e-01
-9.549323849019535349e-01
3.077086985811081643e-01
9.807435553961414421e-01
-5.178429491856919586e-01
1.924955352360457894e-02
2.068174098435080488e-01
7.319011931122596515e-01
-2.359114460283378012e-01
4.905000526806493344e-01
-5.172384524755500035e-01
9.690203262076650947e-01
5.162404713999102501e-01
1.500881462087890750e-01
-8.957790136067325104e-01
-7.712909958838278790e-01
5.871145798388521797e-01
-7.019691344627654317e-02
-8.465041731103162270e-02
4.268437482609901412e-01
-1.344858844461447323e-01
6.139755332870342475e-01
7.043639585584027252e-01
-7.309209393567972501e-01
-4.940173294191052555e-01
7.383869883195230965e-01
9.677245592544057029e-01
1.006876974604633546e-01
-3.646666890813294870e-01
9.737260212783915847e-01
1.013037897576674062e-01
2.344880281171923819e-02
-9.481327942259845099e-01
1.902366963603019379e-01
2.938923144128833265e-01
7.274970028716101211e-01
-6.381983370853518966e-01
-2.416217147603660909e-01
5.983744007059681458e-01
1.548573357755864688e-01
-4.648113825700079804e-01
-1.979414348697474679e-01
-4.509490304372971714e-01
6.443003256471462326e-01
-8.565732312949969618e-01
1.196378611693826866e-01
-2.587621328295095502e-01
-6.213047543761969216e-01
-8.617566280171129467e-01
-8.842244618426831071e-01
7.127789130410908669e-01
4.546585874145943063e-01
7.023287560165338839e-01
4.358706338945386172e-01
-1.810766423221732424e-02
3.528757919012672772e-01
9.487202607636744389e-01
1.030443413365342842e-01
-1.494714685368798701e-01
8.036513372465270422e-02
-8.116459166979268502e-01
6.256041926910913542e-01
-9.168072864458198801e-01
-7.324779188177430456e-01
-2.552618361038605510e-01
5.087168449118462110e-01
4.817622724698145120e-01
-5.708810973224047736e-01
6.864431223004598959e-01
7.871488391897889514e-01
6.680467795548816756e-01
-3.416732600953311660e-01
3.383454484801602380e-01
3.374843361577006817e-01
8.339450171955278268e-01
-5.968222838722345713e-01
6.922411518088391613e-01
3.729267822870796500e-02
-1.896288708872784223e-01
9.122945770994683734e-02
7.763374122867103821e-01
9.162239576583559586e-01
-7.700610181837506119e-01
-1.464048375951265690e-02
6.231824560763068455e-01
7.419701826855755744e-01
-8.155390327588978305e-01
5.082643185152502241e-04
-9.884186601132325389e-01
7.867169667918294529e-02
-7.289609437628410404e-01
-6.360376566528549436e-01
5.932385003600306739e-01
-3.658204856302971208e-03
-2.856224627772685487e-01
-1.005832201130141268e-01
-6.084547649611291575e-01
-1.254679969325724898e-01
-4.260146520728227415e-01
1.033476875267627104e-01
-4.210095316229618412e-01
-4.411326705969469408e-01
-8.141251062739456312e-01
-2.599095007815677150e-02
-6.092159648796124927e-02
-6.099560407617137248e-01
-6.223888714249505849e-01
8.516659477788548482e-01
-5.533564249797953138e-01
-8.060153028246574980e-01
7.127710327440690552e-01
-7.853990453366921365e-01
5.430661943960448657e-01
8.372866063733839237e-01
5.396583034247468547e-01
-2.931853049551258472e-01
5.114756932255946076e-01
3.469034222705928983e-01
-1.198010428746232314e-01
4.752046653127279807e-01
-9.333917309420347586e-01
-8.626908973517837254e-01
-5.904201528199903848e-01
8.871277689784500264e-01
-6.183508158740651517e-01
-2.203258383824933109e-01
9.755302329050186128e-01
-4.616642877132057787e-01
-4.462736208399025184e-01
-1.667958459906557778e-01
6.655237890134779732e-03
1.845685433869765912e-01
-6.783256388095042499e-01
1.421423259916367865e-01
1.541019738281832474e-01
-2.417637046309548676e-01
6.602609297365515939e-01
-2.765467513950388145e-01
-2.443674683035108597e-01
-5.467583892596168393e-01
9.169244142025596567e-01
3.301895804936174628e-01
2.114109117535563076e-01
2.167385915889710191e-01
-8.067056701401238428e-01
1.121538382408313606e-01
9.014995543223380814e-01
-6.020415767162434761e-02
4.130248034604238061e-01
-8.189190346628816286e-01
3.674245011477168532e-01
3.847555910639151033e-01
2.000046850457870562e-02
-4.574049574896013048e-01
5.724513924225207440e-01
-4.527410684249151274e-01
8.796539051318996716e-01
-7.906991623853194540e-01
-2.170019068382513794e-01
4.715272136366874811e-01
8.598913361368751840e-01
8.564707283258579107e-01
7.536674608577704770e-01
-6.484385125392733151e-02
1.317681129617009894e-02
-7.312597518764027971e-01
9.976012525848461099e-01
-7.668587920777580891e-02
-5.606815391464983200e-01
-9.665430366901013315e-01
-6.641763129775222207e-01
-6.190344295962810772e-01
-9.893433561498896633e-01
-2.686679827338245286e-01
-3.412823664022897052e-01
6.645659693998877682e-01
-3.710404886514533374e-01
3.169606691935269449e-01
-8.748882293323196890e-01
3.574170690195552780e-01
-7.874472574666178115e-01
4.107554945982596628e-01
1.169472631306478494e-01
-1.677525746739709778e-01
4.238734797758896278e-01
-8.832734859178723585e-01
2.655715745310001097e-01
8.485504581066891649e-01
-1.853496746943226192e-01
-9.763881879512199546e-01
-2.247350435733106444e-01
-2.633410389013688402e-01
2.145571027049255619e-01
-5.858015419381681355e-01
2.828752029074483865e-01
1.722381797646803658e-01
-3.433658751220840522e-01
-3.154874310742503685e-01
-3.084100875848310164e-01
-4.837814528807486969e-01
4.096910688308681436e-01
-9.615746516852197168e-01
4.459462480430429476e-01
6.980929180576054272e-01
4.835167762758008081e-02
-1.006272754209585063e-01
2.699129086361955476e-01
7.658115113136729768e-01
