9.398686926911565820e-01
-2.322942543881336697e-01
3.727420150267528598e-01
-8.526126925436769977e-01
-3.793112128612319278e-01
-8.670777678891441465e-01
-5.149331874059361880e-01
3.875846547538754905e-01
-8.440657232031099078e-01
-6.854159176702192546e-01
-4.597336208358098197e-01
5.786975536411702592e-01
-9.859327948196174862e-01
-2.940171960986404098e-01
3.514038731919060243e-01
-9.225769761696707150e-01
7.473757175466708702e-01
9.114756483845671831e-01
-4.385004390683899800e-01
4.220367630935961678e-02
8.851382143042456629e-01
-8.932169719653304529e-01
8.401254432095628388e-02
-2.660652975119617292e-01
-4.903436022378828696e-01
-9.526292270866056899e-01
-3.043152537034619076e-01
6.514133691789905090e-01
1.859458943564988864e-01
6.414260333029857541e-01
-4.563896517035770373e-02
2.872415257790579268e-01
2.134933074156228905e-01
-2.401843496972118075e-01
5.603729713865703843e-01
-9.206893315289210733e-01
-1.218109755739369415e-01
-7.850094896201749162e-01
-5.142985116634948284e-01
-6.952728974945998619e-01
-8.847387979007390602e-01
3.133297153816330116e-01
-2.327561180707613531e-01
9.244156957067672931e-01
2.425561644230767033e-01
9.004668174694370197e-01
6.619091017886922224e-01
8.395845673771473727e-01
1.684305881293208795e-01
1.625472749638356973e-02
2.645168463203895204e-01
8.985823295181485371e-01
-7.198933451099942538e-02
-3.916077249130442972e-01
-3.266635428894586468e-01
-1.003171798404496329e-01
-8.378297557533114226e-01
-1.196743078561905982e-01
5.923308772959954283e-01
2.339766242053504808e-01
-9.311675227894946616e-01
5.919800693957875115e-01
-4.000194746651157818e-01
5.750474316259079899e-02
4.490753488323628861e-01
-2.371248382623203366e-01
2.145293937911481041e-01
-6.282590547798583280e-02
-5.675547861861296450e-01
-3.796023185598833560e-01
5.207978716023122789e-01
-2.688119261766748203e-01
-8.251840150407245833e-01
5.323695425480254872e-01
4.681610047078634818e-01
9.860050587514068710e-01
7.436662475522239912e-01
-8.687022947035361042e-01
-8.791452652933837708e-01
3.776674349205633163e-02
-8.223992531932518002e-01
2.257557561957972414e-01
1.314981872590563761e-01
-9.484365677043844478e-01
-9.265470902474564063e-01
-8.768051411460195954e-01
-6.952398011517186838e-01
6.812187457724967476e-01
2.379288445192506707e-02
-7.665393447387174319e-01
2.341680570698911890e-01
-7.489149490395694553e-01
4.265865259947634325e-01
8.286720507790608092e-01
-4.676285630569509966e-01
2.953912771769666712e-01
9.198297515097939581e-01
-3.449803815189325107e-01
5.925921681369672456e-02
-9.649546426539168387e-02
-2.341421029001944376e-02
7.892801449405444369e-01
-1.832101519620301655e-01
-9.558514554100558946e-01
7.872287240401065755e-01
-2.674454660981115950e-01
5.541747230950648806e-01
-3.563562429425066735e-01
-5.388262459802393156e-01
-7.738995172848208703e-01
5.555530437697970836e-01
-3.031032845086609750e-01
4.414491778987579274e-01
-5.699060593982256950e-01
7.322346234941501386e-01
-3.692941763941732791e-01
-9.645169562456425982e-01
4.113249918884811507e-01
-5.151543127175346459e-01
-8.016164643446772597e-01
9.837847026171846476e-01
1.431739093189698941e-02
-9.091122342855177951e-01
5.612318447960580325e-01
8.047770203193491678e-01
-7.345522093334013736e-01
8.187806476264725131e-01
8.378021334109286844e-01
-6.948275082365285016e-02
9.303099667090961589e-01
-7.699638392791585684e-01
-5.883503746450764460e-01
-6.071731039307517452e-01
-2.865141175011978181e-01
9.184983836666373858e-01
-3.202330062732339222e-02
8.719442962202141878e-01
-4.987526620448348158e-01
-9.504696028473820224e-01
7.236914794041426902e-03
3.390953589772844889e-01
2.267495224579769708e-01
2.763667994812302187e-01
4.833399514805547525e-02
6.430423636057935877e-01
-6.624619145401329234e-01
5.864429760975309325e-01
1.602069694043213310e-01
-9.357289622942384089e-01
-8.236480559485270803e-02
-3.442344383321582768e-03
2.566921700834698949e-01
4.939143006968511607e-01
-1.563549608888119558e-01
1.520760997347900823e-01
-4.996472129547742114e-01
-6.500292813518115942e-02
-8.957777621582649896e-01
-2.517705157624645640e-01
4.157777798048418738e-01
-5.986040357978938964e-01
-9.396512379315171692e-01
-1.405982816256103884e-01
-6.770883562371563524e-01
-4.372176322216467792e-01
4.253579596685490571e-01
-9.502113106331346870e-01
-1.775206139769189839e-01
8.573850328590302272e-01
-7.007115746252290389e-01
-9.465230170050560332e-01
-7.556686978606470539e-01
2.488166096322081966e-01
1.342516732013532277e-01
3.157609442669739863e-02
-2.569799987517693562e-01
1.317662131170129758e-01
-2.949892501292181723e-01
-1.573870985537177969e-01
2.864912776462769095e-01
5.176721869141811538e-01
1.096659462108273697e-01
-2.274119798463409836e-01
-9.938139293321002210e-01
2.758414810976927978e-01
6.147969784569684570e-01
3.776996242024992512e-01
2.003102537034566755e-01
6.049101672667487328e-01
7.302199773328537091e-01
-5.531110438646358318e-01
-9.998432184040539905e-01
-9.730584195495686206e-01
5.599501748836659409e-01
-4.852101304366336354e-01
-9.083120296782012382e-01
-4.042493059909431086e-01
4.704930325392844281e-01
6.705832542240353078e-02
-3.437401451608357306e-02
4.683260121039845014e-01
-3.061239679935550129e-01
1.980402960159022285e-01
-3.604900917325624121e-01
-9.628337958269990171e-01
8.304119524254591767e-01
-6.356285891353532502e-01
5.152885389477448452e-01
6.777287492016914605e-01
-9.276558898459661417e-01
9.630495949924309240e-01
4.571391139662979164e-01
-8.409217657723557782e-01
6.767310094477263505e-02
8.902526071971772481e-02
-1.159418711759299114e-01
9.863441591037800382e-01
9.880409116286077431e-01
3.628797796147122945e-01
4.709001468544176117e-01
8.914555442300597932e-01
-7.748685062784668176e-01
-6.271095322879076672e-01
1.188673157640438571e-01
-9.042603009399614589e-01
-3.089111267227233615e-01
8.032953392858692698e-01
9.017140895431929870e-02
8.236481354455340576e-01
7.429948964957873159e-01
8.599894224661275288e-02
4.254619715888903198e-01
3.763551443860404522e-01
3.308205222280591329e-02
-5.928181571881718792e-01
-4.810717055467834680e-01
-4.019809940624505806e-01
9.038560087869733639e-01
5.335862256056940200e-01
2.650522939184027926e-01
3.205689500096431388e-02
6.368853128976741385e-01
9.609217015413415997e-01
-5.970748346504035631e-01
1.225443499244758261e-01
-9.410973507893996004e-01
-6.168190177850325639e-01
5.393241101161128093e-01
2.056894883160163001e-01
-5.781384072049626788e-01
-6.373587190330414209e-01
8.557061227311013596e-02
8.880866153477016134e-01
-2.724960136120935239e-02
-4.016284683063737759e-01
8.216363879496895173e-01
-3.222648518454263034e-02
-4.801532444098046692e-01
8.790413682902809001e-02
7.839112754721739851e-01
7.236211392534566134e-01
-8.036702071716945728e-01
-3.634081102235759975e-01
-8.786800992796799381e-01
-1.439198480544388037e-01
