7.177648549546568335e-02
7.970682115698340953e-02
2.900227656865759784e-01
-1.620163496864717723e-01
4.945017160587331095e-01
-1.577527586387096614e-01
7.393606029151827963e-02
7.158397961644551444e-01
-6.220614637993054918e-01
-1.742075032197113460e-01
-3.607215432538999345e-01
-4.063426063145077483e-01
-2.424715553438600013e-01
-3.592427871147215179e-01
-1.961827707024834944e-01
-4.526197049762539226e-01
-2.628358284244423568e-02
4.061141021118105376e-01
3.538450748692229531e-01
-1.502353043127705456e-01
-2.840314007440422617e-01
6.319786155461536159e-02
8.439773727242232126e-02
5.150745900200297545e-01
-1.673037716109587736e-02
-3.428106509570233440e-04
7.552002198085325246e-02
-3.972567546025317919e-01
5.150488695396935324e-01
-1.925935713539210503e-02
2.666255944817804147e-01
7.037470876221364469e-01
2.602393783178172937e-01
-5.310501159488447698e-01
1.489044357157842668e-01
-4.051961607603673521e-01
4.491878053123287140e-01
1.850089726158820613e-01
-3.692755988059695516e-02
-5.796289391886670916e-01
2.696262215229979775e-01
-3.211341426563907864e-01
9.121386119783682356e-02
2.469212631615718689e-01
-5.640568092239508502e-01
1.932087818572110205e-01
-3.905095062011063600e-01
-2.223946117905854225e-01
5.708402502559558611e-01
4.677380153105230587e-01
3.820663112020523666e-01
-4.309234474279471927e-01
-1.999457233775365494e-01
-4.144821670867706587e-01
-3.614272323220223404e-01
2.025703721659909140e-03
4.167993158675252774e-01
-3.365385065680127630e-01
-2.095021900668114223e-01
-5.262634090222759742e-01
3.948952035688924056e-02
-5.631635793146150260e-01
-5.940432515398764712e-01
-5.321337016911044104e-01
3.080624220729652127e-02
-1.867728945739698942e-01
-7.135138008970945411e-02
-1.387886203069687852e-01
-3.742446272161124021e-01
-1.077938039368262491e-01
-4.180760584177073413e-01
2.916287416570203517e-01
8.829900362256808410e-01
-4.613825666245648383e-01
3.599394372625932398e-02
5.818538187948361917e-02
-4.528422171389221984e-01
3.568082309877559366e-01
-2.683338534969273437e-01
3.853940455410037602e-01
9.020500130822849127e-02
-1.109922930393764107e-01
-1.448738765479367085e-01
2.119965895387610488e-01
5.876889743151294532e-01
-3.103300825697952181e-02
-2.932240951867479128e-01
-3.960063192497449425e-01
4.350358480417334528e-01
-7.588291608055267590e-01
4.299670195165875008e-01
-9.659302791483295736e-02
-9.169285291438129815e-03
5.750317633621372382e-01
7.263326002317588292e-01
-4.225695921721200898e-01
-2.019962388824141364e-01
6.683585328227462097e-02
-2.405672889323982599e-01
-6.285887339200860180e-02
-4.953402140307706647e-01
-4.526820101231438520e-01
8.875887283986412246e-01
2.533329317163788841e-01
4.044959796154031784e-01
1.115502844670248073e-01
-3.702599551417288248e-01
3.665289131110400778e-01
6.441480045986002212e-01
-6.684313873334267464e-02
2.181080708174336358e-01
2.869418369086890880e-02
1.867950571929431064e-02
6.194171952895313193e-01
2.532127943491443434e-01
4.302200865525158124e-01
-6.854389849129045864e-02
2.261451418886912812e-01
5.578909897049292299e-01
8.313337252955201040e-02
6.243504447248959810e-01
3.713605074721084143e-01
5.500215571184512431e-01
-4.560217009687258516e-01
6.044357785833653907e-01
-3.398368071415084901e-01
3.418805034952419192e-02
3.101448247212819087e-01
-7.642567191235696278e-01
4.216922673358571849e-01
4.693806570228839514e-01
3.369363343680917278e-04
-1.200071798482088559e-01
-6.631454204483557824e-01
4.646307307802015063e-01
-5.926572672287809818e-01
3.901536068102363641e-01
-1.605238605104397087e-01
2.339721079653309110e-01
1.444546379936585342e-02
4.169476550009357241e-02
2.219713592115200168e-02
4.325714559526940839e-01
-1.987000957112527444e-01
4.467638016021500125e-01
-6.535064562819981049e-01
4.968317455651902748e-01
9.465628327295935729e-02
5.130899849268157897e-01
-1.028776611997349599e-01
4.039132506991927052e-01
4.266256794822079201e-02
1.809671062711564749e-01
5.611368591739875900e-01
5.777561433995305196e-01
-3.149026851672213079e-01
-2.770609952476656979e-01
1.946811809325816461e-02
1.608662423817347475e-01
-5.064292533337028113e-01
-2.997816280869668448e-01
-2.329993901484341684e-02
6.404858179312067357e-02
-4.392945307621430873e-01
4.012107752626742352e-01
-5.978990573462750202e-01
1.246509198581499250e-01
3.984259178153610748e-01
-5.972602499903640894e-01
-4.070946098226276288e-01
-2.720933473614510767e-01
2.030730333983236380e-01
6.301977780094895065e-01
-7.662873904281568560e-01
3.617032156551017869e-02
3.120640558445331725e-01
4.360670897525172895e-01
2.111643779033993140e-01
-3.149421576808593137e-01
5.239335762637505889e-01
-2.772780945431826960e-01
3.333870408206942582e-01
4.912162646793143128e-02
8.142068260684847125e-01
5.274229618438088796e-01
1.708670997398374081e-01
-1.842013010732187761e-01
6.353177884532093186e-03
-4.365640764916418615e-01
-1.933937044564806307e-01
-5.151406515870603497e-01
-2.325197124128839943e-01
-5.502096106945266740e-01
2.444258033992164625e-01
3.403611001970765493e-01
-5.737808424591130801e-02
-2.556370652844919267e-01
-2.215553001907500374e-01
-3.728069895524456223e-01
1.465076002759754525e-01
3.359711682538064903e-02
4.408132171077161487e-03
2.869881430996050753e-01
-1.345169425671620123e-01
-2.798020291180546848e-01
1.482520311375124522e-01
5.516261770438304346e-01
6.855711589118393401e-03
-2.231159082763387036e-01
-3.263342177668851485e-01
-7.346527242951094161e-01
6.966755546813226951e-01
3.406660808660424977e-01
2.963276347913419428e-01
4.360102185215137816e-01
-5.721210768942540659e-01
-4.614227797187607227e-01
3.945679428926048005e-02
6.422843102278185112e-01
5.805486975541732653e-01
-4.360309416407318062e-01
-5.019080244828699744e-01
-3.180054944867717615e-02
5.178140041568815577e-02
-4.624299881142374113e-01
-6.063051091389407565e-01
-6.565611180166061600e-02
4.227707144208845413e-01
4.941315659503218716e-01
1.350746595630833990e-01
3.424314593354555458e-01
2.790375799407200930e-01
-2.032114268772128307e-02
-3.166173586668086237e-02
3.910024328001336924e-01
7.879084914524070449e-02
-4.947470250919986379e-01
3.659166268288880364e-01
1.362024547542884378e-01
1.613350697290960589e-01
-4.901035463718222962e-01
6.507806616422907586e-01
-5.909919660471093517e-01
2.203202119296576444e-01
-2.602888192823408775e-01
-2.524504910669084223e-01
-1.856454699302701461e-01
-6.557167110934016829e-01
5.029256514651914145e-01
-3.150201665197351897e-01
-4.934629995479105080e-01
4.165043972785728021e-01
-3.652976415814332412e-02
1.662031798099853075e-01
4.979312774584687129e-01
-5.557694479030916845e-01
-3.852445086685994946e-01
-5.942907998160176231e-01
4.219530174515997434e-01
3.258918627404538970e-02
3.868076694686072015e-02
-4.527376241828918735e-01
4.160820433866361800e-01
-1.765547845498037227e-01
2.831494562644608082e-01
