3.250847891412897428e-01
-2.694237376493359704e-01
1.303296332051111228e-01
3.437203411088733396e-01
6.951884877475463798e-01
-2.434635030482338036e-01
1.342506747325603322e-01
1.958232701138548637e-01
-5.335288528066051139e-01
-4.611151724648576145e-01
-4.229708600068530222e-01
-4.940228505556247818e-01
2.110958142863280096e-01
-9.348618580651604226e-01
2.520411431191425522e-01
-1.067528534172700327e-01
1.447797367811473335e-01
-4.702890459744592522e-01
9.052917034490420845e-02
5.332978905380173495e-01
7.239662645855073908e-01
4.667297843554112924e-01
3.824590445598505806e-01
-7.036902080837122986e-01
2.961194123079301521e-01
-3.253582375393623827e-03
-5.165417138262773378e-02
2.154479172036354306e-01
6.557671536214443320e-01
-5.070701467912104299e-01
5.310297389728837469e-01
-1.911838841675428946e-01
3.567030175682561199e-01
-6.598311316843176177e-01
3.883594294118644097e-01
4.411926899155252380e-01
5.996286436003375186e-01
5.058304736249623623e-01
6.765609300736260545e-01
3.147932208510225566e-02
-4.582829989023115003e-01
4.382966247139621352e-01
2.548961202796167780e-01
-1.563673987786401431e-01
-3.840340847369306809e-01
-6.759769916573896698e-01
3.807575938895799150e-01
3.483533403962846831e-01
1.600285852308033774e-01
-6.040578896003803155e-01
-1.066589550377149836e-03
7.679936096211914531e-01
1.167505740235640077e-01
5.648658936920382123e-01
-3.495392061911565817e-01
-4.099468063840726040e-01
-2.469360210548419421e-01
3.037908946275825195e-01
3.671731201530226696e-01
-7.705673561252986137e-02
3.970776627867483866e-01
2.742558924037960533e-01
-6.609039002155925324e-02
-7.165940360282699317e-02
-4.137128512181358353e-01
4.447190174361259074e-01
-1.238378783781277498e-01
4.590010545829439209e-02
-1.507085846040899790e-01
-3.914699696871800638e-01
-3.427937730555905560e-01
-1.644022547371755127e-01
3.023157870309925999e-01
-2.404223175597385020e-01
-3.114106638630960711e-01
-4.343160566906118514e-01
3.537218966370533901e-01
-7.373073516909025571e-01
2.992550718591685532e-01
3.968362203133520838e-01
1.892158531763789009e-01
2.957492362742588504e-02
1.294253640798272431e-01
-1.109451328936415515e-01
3.322759632877891334e-01
-6.421709223496434582e-01
-4.639715095594585531e-02
4.532698216658566648e-01
-4.864525302841901100e-01
-2.659738066402942552e-02
-7.019022759906128339e-01
3.578166899968451276e-01
-2.368202462428820043e-01
-9.765382834063415785e-02
-4.689577942178752012e-01
-2.917254193234741777e-01
5.603872479066813322e-02
2.586315472720859820e-01
-4.846163980628024337e-01
-5.375814765338523538e-01
-1.013764832062033494e-01
9.851152841733209348e-03
4.164578854974111399e-01
3.939204552498654088e-01
2.112069645024660658e-01
3.732933727227534249e-01
2.568858589672164960e-01
5.179816535390944221e-01
-7.205217307320486986e-02
-2.338179302657902858e-01
-2.307267350627321689e-01
4.966194562112545841e-01
4.891864023139697037e-01
2.421978761259668822e-02
1.569005648768524441e-01
-2.719618366213057414e-01
-6.604436304585376005e-01
4.262831500041590060e-01
3.912407011676268809e-01
-3.562837303489673618e-02
-1.851335029070820815e-01
4.284200033256557044e-02
7.709728886014270699e-02
1.146669547710312820e-01
3.466924030016294567e-01
6.984644368107563450e-02
-1.849065916266222631e-01
3.327079762588585066e-01
-7.213669822165381662e-01
5.921757991953485734e-01
6.284795898843170692e-01
2.478219873794396677e-01
3.613678873424910343e-01
-6.751768453431314931e-01
-5.993251272066847379e-01
7.108737733939887726e-02
-4.961933815978192275e-01
-5.793974960292925802e-01
-5.801088790325432676e-01
3.607794516735350898e-01
1.860157395703105898e-01
-5.337630064041216232e-02
-4.340536427922663254e-01
-3.001183247422036238e-01
-2.735334547360543378e-01
4.915642618157655130e-01
-4.461990350609960215e-02
-1.637239442029240766e-01
2.391202445323442061e-01
3.569750167033049482e-01
-6.346262018030123485e-03
1.123849910998103996e-01
3.414321059027314309e-01
-3.028849386191706516e-01
-5.359617577773673203e-01
2.666268339961682665e-01
2.705817649026264760e-01
-5.201755431056956924e-01
1.491689306264978865e-02
-2.332659536744642326e-01
1.992770950810818509e-01
9.692507329534905125e-02
9.833852869509931982e-02
-3.559686971040051384e-01
4.102229947622394457e-01
9.963130941981127031e-02
-6.270240221734493802e-02
-5.867897522918953390e-01
1.446020100442987899e-01
-2.904214643956321007e-03
1.446775277535612414e-01
-3.768870783599070906e-01
1.256635782141949931e-01
-5.137704494342707484e-01
-4.429526287392003270e-01
4.551621524356722626e-01
-3.859022306459503060e-01
4.404819385186539149e-01
-1.096637065724702098e-01
3.780922572125233194e-01
4.531162044341719985e-01
-3.047057904459041788e-01
2.173020155305254442e-01
1.065354353526775169e-02
3.572721079419834411e-01
-3.085195922270232427e-01
4.117331397511646562e-01
6.787036870870150063e-02
5.801369995309785255e-02
-1.136477186543191908e-01
-4.594870454140164706e-01
-3.435289256454375495e-02
-1.018947660797617782e-01
3.937518428323688036e-01
5.617405878064430924e-01
-3.647208238983656869e-01
-5.772653673166595611e-01
-3.182304410671720762e-01
2.184327512279363170e-01
8.348881255139849189e-02
6.280782024738781888e-02
2.180419807831341650e-01
-3.983404969614520175e-01
3.257694404651795272e-01
-6.319269122020917395e-01
-3.369068366034214668e-01
1.228784659013843900e-01
-5.477519648876540970e-01
1.920793781010386170e-01
-3.008614484702235026e-02
-1.377114855820063821e-01
1.083512820964601941e-01
5.536197543206435867e-01
6.106574548073124831e-01
-7.511842025226869723e-02
-5.332265011823464906e-01
-4.082919495107905083e-01
2.424572153312968270e-01
5.503213329287661715e-01
1.101098899922500485e-01
-3.949247368546023873e-01
-3.295175003487333942e-01
-5.085279148123179604e-01
-6.017472899931297636e-02
-1.405225632644321043e-01
2.832922505772299954e-02
9.267618963416270061e-02
-1.651825390318905074e-01
-5.666151505779603026e-01
-6.701490379098584693e-01
-2.595580289580587952e-01
-7.738591614634046101e-01
1.089360154790031954e-01
2.731797524491508811e-01
2.778599384566911024e-01
-2.776561760872500173e-01
-7.601730227730473244e-01
3.553974219282411418e-01
1.062659190679120236e-01
3.628852714976144589e-01
1.737694123057169082e-01
1.768979025105395231e-02
4.447586647437234419e-01
-4.893304592906891348e-03
-5.239343532880806897e-01
-3.312223367362704396e-01
4.863550524418747134e-01
-3.368882626661485746e-01
6.850880996492105801e-01
-2.894868444177576272e-01
-4.069166492361769305e-01
1.129081988662284791e-01
4.449036584180193071e-02
2.609780928917388998e-01
5.871324773023706145e-01
-1.632655195131272330e-01
-1.690491750236604654e-02
6.369829005893535845e-01
-3.839274458532718204e-01
-7.291034889812277042e-02
1.695114263753462122e-02
7.311492372472186974e-01
-2.827797338168059893e-01
-6.853122870881951378e-01
8.746562011164445150e-02
