-5.495748766442535294e-01
6.255441559031300613e-01
3.822745579658188841e-01
9.604664026556940237e-02
-1.945283868262846425e-02
4.591682488310014354e-01
8.757394524589588725e-03
4.857641024276371788e-01
-1.845876711365706524e-01
-6.844089794375582958e-01
-3.816382419816373717e-01
-9.887639654677314593e-02
-2.900548671198043271e-01
4.493983936020995440e-01
-4.301341388508919672e-03
1.654732407453874581e-04
2.365768459581893968e-01
5.597234325988760251e-01
6.943699354904721011e-01
-4.163677656938196137e-01
1.138244293777516403e-01
2.475247202110925082e-03
-5.833606642372992646e-01
2.629426596544053307e-01
4.167219798822118793e-01
4.164546942323075762e-01
-6.306822708539415734e-01
-5.519436098233374555e-01
8.686298860273861111e-02
-1.430136660191742570e-01
3.513465687918769786e-01
3.668718082999443686e-01
6.164685658147219804e-01
5.676235889081048258e-01
6.517620535409010540e-03
-5.152004950508529829e-02
3.294651800453693435e-01
-7.780713697931785910e-01
3.275045405767376128e-01
4.215150287136835705e-01
-4.874988564930546886e-01
-2.973234942340611739e-04
-6.179022729670401448e-01
1.592038913727153449e-01
5.628390737777699826e-01
-2.942837511001218376e-01
-3.643757878790246374e-01
1.345239543641080227e-01
5.662228493393635098e-01
-3.081770657155528115e-01
-5.073619006340966964e-01
-2.157304592604239180e-01
-6.336681568957295285e-01
3.969947674770040735e-01
-3.993629057246553260e-04
1.197217893688268947e-01
8.201299972566453711e-01
-5.316667799934928773e-01
4.572654498076867968e-01
5.202803458706465323e-01
4.240182556955485182e-02
-5.929358942055279469e-01
-1.496886675929683108e-01
-1.118789877368449037e-01
-2.769878142968394408e-01
1.285471078619095653e-01
2.901272506233226744e-01
5.504477929574769224e-01
-1.324986111805372124e-01
2.152927856759043745e-01
-2.184965026928352427e-02
-2.861303895686947985e-01
-1.713050211503328035e-01
-1.252004526918452654e-01
2.373452170650126869e-02
4.799119112337474902e-01
-1.721215250599374413e-01
-5.238614297362306771e-02
1.759470818038229023e-01
4.512221940717230373e-01
-1.549470186245631709e-01
1.309321504599283426e-01
-1.165588845966950005e-02
-1.050562506309818400e-01
6.375419041685881361e-01
4.853429509787232088e-01
5.657824041983788854e-01
2.319676206515160766e-01
-4.572961070744965273e-01
8.741506554898637038e-01
3.207443749135364675e-01
6.731464025914430938e-01
4.041382555132958521e-01
-8.209442087027966073e-01
-5.822907351572480517e-01
3.369353994875203262e-01
3.424800551619102684e-01
6.515587777748568232e-01
5.151715225599200476e-01
7.143553675582666740e-01
-5.871547925559683634e-01
-1.633558256291343935e-01
-1.429229921468568726e-02
-5.833547728560751766e-01
2.641724529010522904e-01
-1.375890356167332462e-01
-6.254204831862425484e-02
3.766958889937938038e-01
-1.021230555235473347e-01
-1.692918721048456698e-01
4.133576839165995498e-01
7.915251519073196462e-01
-8.236486227294147477e-01
-2.543994453724599536e-01
4.504377765746432338e-01
-4.797013274353412182e-01
-3.783738378761954402e-01
-4.777617639433874297e-01
-5.751091767224043583e-01
3.323670533339804778e-01
-1.452817312574589681e-01
-6.735197262356875658e-01
3.103617316833107154e-01
5.323754252473156257e-01
7.962430666842073013e-01
-4.638350479905256618e-01
3.596405983580471810e-01
2.366678554150529745e-01
1.544397175314858317e-01
-1.371281116199734862e-01
1.715917328148310328e-01
5.067037906735454289e-01
1.302926770818643720e-01
-5.526851045300084087e-01
3.925599635917812469e-01
7.094533013464419113e-01
-2.411701738256551153e-01
-6.842664398291536942e-01
6.134216922109282377e-01
8.538063583222385566e-02
-3.116777969550775795e-01
-9.819012405649218955e-02
-3.484572162927872530e-01
-3.213336937642456981e-01
4.281442510637258891e-01
-7.314846154265134404e-01
-3.812996530831699316e-01
3.485414575701660800e-01
-9.712906368671256341e-02
8.993827484758907254e-01
-1.902265189649005039e-01
-6.627336694706723041e-02
-9.727941364187799034e-02
4.805908460243221159e-01
6.108619034464580766e-01
-6.535482908610993347e-01
8.056734049402538567e-01
1.248466671734997091e-01
-4.080739271160698234e-01
-9.262691124441975454e-02
-3.301235963882431790e-01
-6.637062336125779671e-01
1.434506399384361530e-01
-8.106550914659088614e-01
-6.492365739521976931e-01
9.233872557971978257e-03
1.384540667974153427e-01
5.099397895563703154e-01
4.989383722317754510e-01
-1.714890959274587290e-01
-6.829014203236440927e-01
3.701271382197641735e-01
-1.857292446095481497e-01
-1.036873374281915006e-01
-6.377026275029944458e-01
-1.999632025407457880e-01
3.161706366328082551e-01
-3.953060225925037474e-01
-4.088989570380752725e-01
2.208561233699707360e-01
2.197023686797618808e-02
2.597310627506678182e-01
1.706747097327722118e-01
1.681805530352775135e-01
5.214836522951307174e-01
4.219784573350688905e-01
-1.746631060287575643e-01
2.236418315720861139e-01
-9.730384269212530302e-02
9.386236176602338888e-02
3.768932654942278027e-02
-9.978919879427167183e-02
1.704812888191724052e-01
5.359820040610095981e-01
-3.617719653945976610e-01
-2.833208028703418924e-01
3.599560390725692893e-01
-4.537104810094282348e-01
-3.677641787951865804e-01
8.685437078552293855e-02
-6.972550933380480820e-02
2.440459753865348858e-01
-5.242127970220780142e-01
4.194137220634626129e-01
-7.212537540881483467e-02
9.085749904759254925e-01
7.429558458805354260e-01
4.865541551586169411e-01
-1.153630305206318207e-01
6.939027429604166519e-01
3.209673542098393506e-01
-5.052546116028466816e-01
-1.976352912500952408e-01
5.590960359584201678e-01
4.828241939317493570e-01
4.675657204593822724e-01
-4.675066479622793647e-01
-4.346315613826144397e-01
6.001180183313352678e-01
4.543572764491988353e-02
4.266259756615831122e-01
3.265531345235006544e-01
-7.116230914165935784e-02
2.011785721484568579e-01
5.912970637656621564e-01
-5.640030008946019802e-01
-2.404607256448136887e-01
-3.750899106286758045e-01
2.290354911835954799e-01
5.186247605345326583e-01
-5.829311835008856857e-01
2.536158308339999112e-01
-2.852441852289923085e-01
-2.147956768771512315e-01
8.477544224774327675e-03
-5.403365924331320347e-01
6.771070438307593697e-01
-4.916097090897411648e-02
4.948797698396313616e-02
-2.267577846224790306e-01
4.712093852314669373e-01
-5.385933641987690201e-01
-5.248482192149513947e-01
2.485336960207211732e-01
2.739810935416913673e-01
-4.784550156210297667e-01
3.953291732479320419e-01
5.387342313881033906e-01
6.411769278500550895e-01
1.259164099595324049e-01
-1.957156178999088225e-01
-5.351937909002540961e-03
5.289633785821782341e-01
2.011636637355291302e-01
3.891377069975734404e-01
2.615650741400900592e-01
-5.982383969759371700e-01
1.042981754898934105e-01
5.176018015849565002e-01
8.260259720076168488e-01
-3.346874478406349218e-01
-1.342563824513214737e-02
2.419052726520424801e-01
4.975453826181233108e-01
4.727008429591471605e-01
