-0.000000000000000000e+00
0.000000000000000000e+00
-0.000000000000000000e+00
0.000000000000000000e+00
-0.000000000000000000e+00
-0.000000000000000000e+00
-0.000000000000000000e+00
8.538427161095625550e-02
-3.829503127487555725e-01
0.000000000000000000e+00
0.000000000000000000e+00
-0.000000000000000000e+00
0.000000000000000000e+00
0.000000000000000000e+00
-0.000000000000000000e+00
4.484513198909723802e-02
-3.232610454802485322e-01
0.000000000000000000e+00
3.846680538973263896e-01
0.000000000000000000e+00
0.000000000000000000e+00
0.000000000000000000e+00
0.000000000000000000e+00
0.000000000000000000e+00
-0.000000000000000000e+00
-0.000000000000000000e+00
-0.000000000000000000e+00
3.450372580239519094e-01
-3.888508990344095584e-01
-0.000000000000000000e+00
0.000000000000000000e+00
-6.171508236575359296e-01
-0.000000000000000000e+00
0.000000000000000000e+00
-0.000000000000000000e+00
0.000000000000000000e+00
0.000000000000000000e+00
0.000000000000000000e+00
-0.000000000000000000e+00
-0.000000000000000000e+00
0.000000000000000000e+00
-1.636065887940737762e-01
-1.831281641448422315e-01
0.000000000000000000e+00
-0.000000000000000000e+00
-0.000000000000000000e+00
-0.000000000000000000e+00
0.000000000000000000e+00
-0.000000000000000000e+00
-5.174234515016100655e-01
0.000000000000000000e+00
-8.968560637349203279e-01
0.000000000000000000e+00
-0.000000000000000000e+00
-0.000000000000000000e+00
0.000000000000000000e+00
0.000000000000000000e+00
-0.000000000000000000e+00
-0.000000000000000000e+00
-0.000000000000000000e+00
0.000000000000000000e+00
-0.000000000000000000e+00
3.189107195049860066e-01
-0.000000000000000000e+00
-1.553814129867530369e-01
-0.000000000000000000e+00
-0.000000000000000000e+00
-6.053999731686587199e-02
-0.000000000000000000e+00
-2.029586214238944530e-01
-0.000000000000000000e+00
-1.517819415165600760e-01
-1.475565526205899203e-01
-0.000000000000000000e+00
-0.000000000000000000e+00
0.000000000000000000e+00
2.978853149859149174e-01
0.000000000000000000e+00
1.716149952541463353e-01
0.000000000000000000e+00
-0.000000000000000000e+00
0.000000000000000000e+00
-0.000000000000000000e+00
0.000000000000000000e+00
-0.000000000000000000e+00
-0.000000000000000000e+00
0.000000000000000000e+00
0.000000000000000000e+00
-0.000000000000000000e+00
-0.000000000000000000e+00
-0.000000000000000000e+00
0.000000000000000000e+00
0.000000000000000000e+00
2.542922722009997027e-01
0.000000000000000000e+00
0.000000000000000000e+00
0.000000000000000000e+00
0.000000000000000000e+00
-0.000000000000000000e+00
3.014049305239566157e-01
6.083652221186680586e-01
0.000000000000000000e+00
0.000000000000000000e+00
-0.000000000000000000e+00
3.174056751112701025e-01
0.000000000000000000e+00
0.000000000000000000e+00
7.903278364445053272e-01
2.636486367793279828e-01
-0.000000000000000000e+00
0.000000000000000000e+00
0.000000000000000000e+00
0.000000000000000000e+00
-2.855286102762298953e-02
-0.000000000000000000e+00
-4.165251126786220226e-01
1.415985445188895353e-01
0.000000000000000000e+00
-0.000000000000000000e+00
0.000000000000000000e+00
0.000000000000000000e+00
0.000000000000000000e+00
0.000000000000000000e+00
0.000000000000000000e+00
0.000000000000000000e+00
0.000000000000000000e+00
-0.000000000000000000e+00
0.000000000000000000e+00
0.000000000000000000e+00
-0.000000000000000000e+00
-0.000000000000000000e+00
0.000000000000000000e+00
-5.028606762808739417e-01
0.000000000000000000e+00
0.000000000000000000e+00
0.000000000000000000e+00
0.000000000000000000e+00
0.000000000000000000e+00
-0.000000000000000000e+00
4.089796032769959511e-01
-0.000000000000000000e+00
0.000000000000000000e+00
-0.000000000000000000e+00
-0.000000000000000000e+00
-0.000000000000000000e+00
4.077857977579005255e-01
-0.000000000000000000e+00
3.615550755041967990e-01
-0.000000000000000000e+00
-6.019538961564262908e-02
-0.000000000000000000e+00
4.504225551403774341e-01
0.000000000000000000e+00
0.000000000000000000e+00
-0.000000000000000000e+00
0.000000000000000000e+00
0.000000000000000000e+00
3.492671197091687940e-01
0.000000000000000000e+00
-0.000000000000000000e+00
0.000000000000000000e+00
0.000000000000000000e+00
-0.000000000000000000e+00
-0.000000000000000000e+00
0.000000000000000000e+00
0.000000000000000000e+00
-0.000000000000000000e+00
-2.762963409602702258e-01
3.572480793650176789e-01
0.000000000000000000e+00
1.558827556756509913e-01
1.409660988360144362e-01
-0.000000000000000000e+00
-0.000000000000000000e+00
-6.120115099666485758e-03
4.191432986280476114e-01
-4.559772514159110557e-01
-0.000000000000000000e+00
5.075090271270824016e-02
0.000000000000000000e+00
0.000000000000000000e+00
-0.000000000000000000e+00
-0.000000000000000000e+00
1.476751640066675982e-02
-0.000000000000000000e+00
0.000000000000000000e+00
-0.000000000000000000e+00
-0.000000000000000000e+00
-9.698957582767529784e-02
-2.427646495676889227e-01
2.724301672835263699e-01
0.000000000000000000e+00
3.855146832481988750e-01
-0.000000000000000000e+00
0.000000000000000000e+00
0.000000000000000000e+00
0.000000000000000000e+00
0.000000000000000000e+00
-0.000000000000000000e+00
-0.000000000000000000e+00
-0.000000000000000000e+00
1.971124404010886344e-01
-0.000000000000000000e+00
4.412781303803512967e-01
3.009628260607420946e-01
1.524794092714203998e-02
-0.000000000000000000e+00
4.414845850125515558e-01
0.000000000000000000e+00
0.000000000000000000e+00
0.000000000000000000e+00
-2.140548711322013964e-01
-0.000000000000000000e+00
-0.000000000000000000e+00
0.000000000000000000e+00
-3.496005185164822171e-01
-0.000000000000000000e+00
0.000000000000000000e+00
0.000000000000000000e+00
-0.000000000000000000e+00
5.245323333739206895e-01
0.000000000000000000e+00
-0.000000000000000000e+00
0.000000000000000000e+00
2.524479182083976328e-02
-9.049098724805051258e-03
0.000000000000000000e+00
-1.043381984517509770e-01
-0.000000000000000000e+00
0.000000000000000000e+00
0.000000000000000000e+00
-0.000000000000000000e+00
0.000000000000000000e+00
-0.000000000000000000e+00
9.429829044859410273e-03
0.000000000000000000e+00
-0.000000000000000000e+00
-2.098793696745286930e-01
1.825278213045862519e-01
-0.000000000000000000e+00
-0.000000000000000000e+00
0.000000000000000000e+00
0.000000000000000000e+00
0.000000000000000000e+00
0.000000000000000000e+00
0.000000000000000000e+00
7.943609510710640531e-02
2.261392782029384915e-02
0.000000000000000000e+00
0.000000000000000000e+00
0.000000000000000000e+00
0.000000000000000000e+00
2.152157197365465457e-01
-0.000000000000000000e+00
0.000000000000000000e+00
-2.188183727153498181e-01
0.000000000000000000e+00
0.000000000000000000e+00
0.000000000000000000e+00
0.000000000000000000e+00
0.000000000000000000e+00
-0.000000000000000000e+00
-0.000000000000000000e+00
-0.000000000000000000e+00
-0.000000000000000000e+00
