-0.000000000000000000e+00
0.000000000000000000e+00
0.000000000000000000e+00
2.820401033889321507e-01
-1.423385997158243543e-01
0.000000000000000000e+00
-0.000000000000000000e+00
-1.191839298175201151e-01
0.000000000000000000e+00
-0.000000000000000000e+00
-0.000000000000000000e+00
-0.000000000000000000e+00
-1.646284644357151883e-01
-4.817450271149564117e-02
0.000000000000000000e+00
0.000000000000000000e+00
-0.000000000000000000e+00
0.000000000000000000e+00
-0.000000000000000000e+00
-0.000000000000000000e+00
-1.722945881760356013e-01
0.000000000000000000e+00
0.000000000000000000e+00
6.880318416342878773e-02
0.000000000000000000e+00
0.000000000000000000e+00
-0.000000000000000000e+00
0.000000000000000000e+00
0.000000000000000000e+00
5.682710117341557288e-01
-0.000000000000000000e+00
-2.741762263672142298e-03
-0.000000000000000000e+00
-0.000000000000000000e+00
0.000000000000000000e+00
-0.000000000000000000e+00
-8.730932519625295152e-02
0.000000000000000000e+00
-1.345613133550220553e-01
-0.000000000000000000e+00
0.000000000000000000e+00
-0.000000000000000000e+00
0.000000000000000000e+00
0.000000000000000000e+00
-0.000000000000000000e+00
0.000000000000000000e+00
-1.198695776742511460e-01
-0.000000000000000000e+00
2.583267578705724099e-01
0.000000000000000000e+00
-0.000000000000000000e+00
0.000000000000000000e+00
-1.687667099071184784e-01
-3.437544361107937041e-01
0.000000000000000000e+00
2.953689482047007764e-01
0.000000000000000000e+00
0.000000000000000000e+00
-2.428479868258552610e-01
-0.000000000000000000e+00
0.000000000000000000e+00
-0.000000000000000000e+00
-0.000000000000000000e+00
-6.472128029224800960e-02
0.000000000000000000e+00
0.000000000000000000e+00
2.705808037250895248e-01
-0.000000000000000000e+00
0.000000000000000000e+00
4.449906429054370505e-01
0.000000000000000000e+00
-1.713160833433258201e-01
-1.867299700271965457e-01
-8.563094366471284136e-02
0.000000000000000000e+00
-0.000000000000000000e+00
0.000000000000000000e+00
-0.000000000000000000e+00
0.000000000000000000e+00
-2.497433932330177589e-02
-0.000000000000000000e+00
-0.000000000000000000e+00
0.000000000000000000e+00
-0.000000000000000000e+00
-0.000000000000000000e+00
-0.000000000000000000e+00
-4.844970066738115561e-03
0.000000000000000000e+00
-1.120499194967655709e-02
0.000000000000000000e+00
-0.000000000000000000e+00
0.000000000000000000e+00
4.671758810705246151e-02
-0.000000000000000000e+00
-0.000000000000000000e+00
5.145907235242209721e-01
-3.474299300137700386e-01
-0.000000000000000000e+00
0.000000000000000000e+00
-1.411570124380802094e-01
-0.000000000000000000e+00
0.000000000000000000e+00
0.000000000000000000e+00
-0.000000000000000000e+00
-0.000000000000000000e+00
0.000000000000000000e+00
0.000000000000000000e+00
-0.000000000000000000e+00
-3.591730726797807971e-02
-2.881063642794447488e-01
-1.772423976823536973e-01
0.000000000000000000e+00
-1.548829081609431196e-02
0.000000000000000000e+00
0.000000000000000000e+00
0.000000000000000000e+00
0.000000000000000000e+00
0.000000000000000000e+00
8.220148346915052973e-02
-0.000000000000000000e+00
-6.531787961397231279e-02
-7.490504532253217107e-02
-0.000000000000000000e+00
0.000000000000000000e+00
0.000000000000000000e+00
-1.172347634693329671e-01
0.000000000000000000e+00
-0.000000000000000000e+00
-5.727806901654964450e-02
-0.000000000000000000e+00
-0.000000000000000000e+00
-0.000000000000000000e+00
0.000000000000000000e+00
0.000000000000000000e+00
-1.962711321148323251e-01
-0.000000000000000000e+00
0.000000000000000000e+00
0.000000000000000000e+00
-0.000000000000000000e+00
-0.000000000000000000e+00
-2.531429661987806556e-02
0.000000000000000000e+00
-0.000000000000000000e+00
-1.087387381979022932e-01
-0.000000000000000000e+00
0.000000000000000000e+00
1.748983285610689747e-02
-0.000000000000000000e+00
0.000000000000000000e+00
-0.000000000000000000e+00
-0.000000000000000000e+00
-0.000000000000000000e+00
-0.000000000000000000e+00
0.000000000000000000e+00
0.000000000000000000e+00
5.265052704315399679e-02
2.330131909199545381e-01
0.000000000000000000e+00
0.000000000000000000e+00
-0.000000000000000000e+00
0.000000000000000000e+00
-0.000000000000000000e+00
-0.000000000000000000e+00
-0.000000000000000000e+00
-0.000000000000000000e+00
1.548937150886258163e-01
0.000000000000000000e+00
0.000000000000000000e+00
-0.000000000000000000e+00
-0.000000000000000000e+00
-0.000000000000000000e+00
-0.000000000000000000e+00
0.000000000000000000e+00
-0.000000000000000000e+00
0.000000000000000000e+00
0.000000000000000000e+00
-0.000000000000000000e+00
3.392928922866506047e-01
0.000000000000000000e+00
-0.000000000000000000e+00
0.000000000000000000e+00
1.679497436783450870e-01
-0.000000000000000000e+00
-0.000000000000000000e+00
-0.000000000000000000e+00
1.142717503286576480e-01
0.000000000000000000e+00
-0.000000000000000000e+00
0.000000000000000000e+00
-0.000000000000000000e+00
-0.000000000000000000e+00
0.000000000000000000e+00
-0.000000000000000000e+00
0.000000000000000000e+00
-0.000000000000000000e+00
0.000000000000000000e+00
0.000000000000000000e+00
0.000000000000000000e+00
-0.000000000000000000e+00
-0.000000000000000000e+00
-0.000000000000000000e+00
0.000000000000000000e+00
0.000000000000000000e+00
-0.000000000000000000e+00
0.000000000000000000e+00
-1.926249987827952370e-01
0.000000000000000000e+00
0.000000000000000000e+00
0.000000000000000000e+00
-0.000000000000000000e+00
0.000000000000000000e+00
-0.000000000000000000e+00
-0.000000000000000000e+00
0.000000000000000000e+00
0.000000000000000000e+00
-0.000000000000000000e+00
-2.818957164561984863e-01
-3.704212388406670775e-01
-0.000000000000000000e+00
-0.000000000000000000e+00
0.000000000000000000e+00
0.000000000000000000e+00
-4.892811748642731939e-01
0.000000000000000000e+00
0.000000000000000000e+00
-0.000000000000000000e+00
-0.000000000000000000e+00
0.000000000000000000e+00
2.508623216063755601e-01
0.000000000000000000e+00
-0.000000000000000000e+00
0.000000000000000000e+00
-0.000000000000000000e+00
0.000000000000000000e+00
-0.000000000000000000e+00
0.000000000000000000e+00
-0.000000000000000000e+00
0.000000000000000000e+00
-9.251544494241929761e-02
-0.000000000000000000e+00
-0.000000000000000000e+00
0.000000000000000000e+00
0.000000000000000000e+00
-0.000000000000000000e+00
3.574063318700447522e-02
0.000000000000000000e+00
-1.803419680107632150e-01
-3.093115232431125627e-01
0.000000000000000000e+00
-3.168064683829186490e-01
-0.000000000000000000e+00
-0.000000000000000000e+00
-1.011683490363918594e-02
-0.000000000000000000e+00
-0.000000000000000000e+00
0.000000000000000000e+00
0.000000000000000000e+00
-0.000000000000000000e+00
0.000000000000000000e+00
-0.000000000000000000e+00
0.000000000000000000e+00
3.274217417508488714e-01
0.000000000000000000e+00
-0.000000000000000000e+00
-0.000000000000000000e+00
