-7.633943635764239843e-01
8.220439605144302941e-01
8.126528179585130740e-01
-7.150036973048705669e-01
8.310170889425916307e-02
-4.766022617146312701e-01
-2.520480751388116669e-01
6.940030900653317847e-01
-8.591282658633485614e-01
-8.579040930180612534e-01
-4.325092690613474566e-02
6.163303935622745922e-01
4.621147823683307010e-01
2.098049235187751105e-01
-9.607684869866852662e-01
-4.544344406209721576e-02
1.461573266078681765e-01
-3.772734216075626090e-01
2.051620691707243260e-01
-2.094748025516142143e-01
4.256931601375424368e-01
4.269178440287511034e-01
-1.151336337434656354e-01
2.260514437133769317e-01
4.837479061388771928e-01
-7.273456118408110349e-01
-6.547876519726374411e-01
-5.982836945311251764e-01
6.111261412759130263e-01
7.168612085311090176e-01
1.852272323862813597e-01
2.771638735937340670e-01
5.217241885615384600e-01
-7.538681880962012638e-01
-4.121609114010571506e-01
-9.964178190690207160e-01
9.249447110505837344e-02
4.563150352592655334e-01
3.325862455756865010e-01
5.110381997477007054e-01
-7.833369729452679397e-01
-8.493647169197235947e-01
-7.907900660250990477e-01
-6.686307273400291518e-01
-3.979801097656554543e-01
5.766036610637661486e-01
-3.607625378131362748e-01
-3.426661373368271590e-01
5.218828664597459088e-01
9.690923930013417564e-01
6.275953428273650658e-02
-4.522733113298544882e-01
-3.700323556201179365e-01
-8.321496951871865111e-01
-1.729420847854343801e-01
-9.242471424651117484e-01
-1.334826450852855118e-01
5.208120096455288728e-01
3.206382095286506306e-01
5.319076179336688082e-01
3.817720970243159151e-01
-7.746560248448839392e-01
4.862979673974110462e-01
-8.391843486711716427e-01
3.484539920914939692e-01
-1.375703189836883222e-01
9.431503332049691046e-01
-2.655212800276407492e-02
6.931511161310635050e-01
2.130097020613481718e-01
-3.918699426407967756e-01
-8.241291863600912482e-01
2.823925994216331947e-01
6.993323160322930665e-01
9.493118594990550552e-01
-6.775122203915608932e-01
5.059127206184221848e-02
-6.380208676751863983e-01
7.266661621139085536e-01
-6.372020151272088651e-01
-3.459534334531588762e-02
-8.002555886754749714e-01
2.574430400483160852e-01
5.726770536137260059e-01
3.667374202232041025e-01
8.500420048281345231e-01
-7.591316854784824208e-01
-2.650674359756832743e-02
-7.710573519515948604e-01
-7.795869324633903918e-01
-1.797278460071261019e-01
-2.642317794770097095e-01
3.611996998237803069e-01
2.160564589756250875e-01
-4.610889196190850470e-01
5.359007721167936555e-01
-5.992999926199846783e-01
7.307451152636545988e-01
-3.061185036296079076e-01
-1.820380903701850350e-01
-8.502664348543291783e-01
9.153053340347916400e-01
-8.461046097578035496e-01
-5.425115425787732093e-01
-1.877816117632178372e-01
-4.140242961569948754e-01
-7.762112726891157166e-01
1.262553545905933383e-01
-6.398400280342508850e-01
7.016999032423105742e-01
1.462029579273305124e-02
-3.963214897625513267e-01
-3.186865386960209268e-01
5.480949480200596469e-01
6.020944620956076854e-01
9.546733519400649737e-01
5.794361436804666976e-01
-7.651587361858294134e-01
-2.740768067397829633e-01
5.092565395825299213e-01
8.956857510484261820e-01
6.133909067738931853e-01
-1.423761175414473001e-02
-3.624873814851685694e-01
-2.167017671426398895e-01
-6.572063193558466132e-01
3.860169858046544888e-01
-7.071235007325227251e-02
-4.380904657053066309e-01
-3.233370238549895248e-01
-9.543787167375357150e-01
2.181950895069513230e-01
3.172133322615804385e-01
4.366500437498821441e-01
3.987177004623636556e-01
-8.436271902612446638e-01
9.095198451790103000e-01
6.934005490867627408e-01
5.568538881406217556e-01
-8.928497320397561499e-01
-7.622982654500569666e-01
-9.385373653182504938e-01
-3.188829631993033153e-01
1.755304448588608235e-01
2.149487384372581467e-01
-6.810299014511413951e-01
6.173492328574821109e-01
4.414857886312184565e-01
7.522000799828276740e-02
-1.687194857855711660e-02
5.656524774457321048e-01
-1.807508046579491268e-01
-8.092621579889391903e-01
-3.100724002903272325e-01
6.985696043407767508e-01
1.009479544409206397e-01
4.016147632624860186e-01
9.942502914292894456e-01
7.918230402699759640e-01
7.273524801964126318e-02
9.319055945628493820e-01
9.638030763224216813e-01
9.780835280691424494e-01
8.520774026952273594e-01
8.732159106172143748e-01
-5.728502856288573142e-01
-8.504900116279665578e-01
-6.913545332318005165e-02
8.851639324259783503e-01
-3.449333342319220730e-01
-4.789092140483530713e-02
9.738418235249772792e-01
-4.857213994832572102e-01
7.188610896763278912e-01
-9.578456545055478166e-01
-4.495861556747127175e-02
8.243558685967391497e-01
4.726627625620611894e-01
1.246804355912241036e-01
6.611014694153616311e-02
9.464807003935409302e-01
-4.884291061338652540e-01
1.935069599758534320e-01
-5.845709526098097353e-01
8.632363211816316273e-01
4.898226574890827134e-01
9.592976148826126703e-01
-6.091238718808589248e-01
-9.595622716579852440e-01
3.753816648230805519e-01
-2.446279522487297964e-01
8.602132040830809956e-01
3.480972882394599566e-01
8.401582918900754038e-01
-9.708776331059951747e-01
4.174361291934518547e-01
7.998427111538366496e-01
-4.717404027698799407e-01
-7.342749322200847750e-02
6.765839151895376435e-01
-5.350634563129710308e-01
-3.916776127132750585e-01
-7.073407355651368800e-01
8.786367213170831469e-02
3.554556786463105578e-01
-9.529092710464988070e-01
-8.136905101115337047e-01
4.257097790262256432e-01
6.070389201946824187e-02
-7.861399010039791246e-01
5.782852177268760219e-01
9.296101648283883190e-01
8.334693106067745383e-01
8.199724437232538410e-01
7.733414365239725807e-01
-7.216305912760789809e-01
-8.378039927081040172e-01
-4.512975984694034270e-01
5.341359081537329079e-01
-8.254692634947853325e-01
7.587247198936459824e-01
-6.950723682627721889e-01
1.654477099489635172e-01
8.449310894213637457e-01
9.916099954432062713e-01
9.892180004925243963e-02
8.187264156551863348e-01
-8.767923152298544576e-01
3.800698535125346389e-02
-9.745163984246896227e-02
8.943920574745909402e-01
-8.190258753246431045e-01
-8.301849042676336943e-01
-6.079900843822809708e-01
5.974825530041301125e-01
-4.281295933225204298e-01
8.862815252987938930e-01
8.292531674199734582e-01
8.482430225171011529e-02
7.333906015919664512e-01
-3.974199921393164470e-01
-4.973795413760320194e-01
8.804509454194553442e-02
-6.381110511263867746e-01
7.531476168319748421e-01
-9.273666996058533840e-01
-5.182848506763866325e-01
7.604683470696218528e-01
-9.113183432063405309e-01
-9.843520519482966691e-01
-2.744186901637224452e-01
-6.761782354150684959e-01
-1.567745745754578479e-01
9.211756700612441229e-01
9.801401937872067371e-02
-6.417197537749270708e-01
-5.685755438121753436e-01
5.148824897269843603e-01
-3.217673711331872077e-01
5.366557428940554875e-01
-5.291812694621149671e-01
-7.241517602638689599e-01
-8.634576789212518033e-01
6.330963731476852985e-01
-3.596746497451053237e-02
