-0.000000000000000000e+00
-0.000000000000000000e+00
0.000000000000000000e+00
-1.100989972740959028e-01
-0.000000000000000000e+00
1.001584578797703844e-02
-1.747296924130151141e-01
-0.000000000000000000e+00
-0.000000000000000000e+00
-0.000000000000000000e+00
0.000000000000000000e+00
-9.014633998476287435e-02
-0.000000000000000000e+00
-1.258514885936354126e-02
-3.676574316584463875e-01
0.000000000000000000e+00
5.494933555629483851e-02
0.000000000000000000e+00
-0.000000000000000000e+00
-0.000000000000000000e+00
0.000000000000000000e+00
-0.000000000000000000e+00
-0.000000000000000000e+00
-0.000000000000000000e+00
0.000000000000000000e+00
-0.000000000000000000e+00
0.000000000000000000e+00
-0.000000000000000000e+00
-1.271099923821591426e-01
-0.000000000000000000e+00
-0.000000000000000000e+00
-0.000000000000000000e+00
8.094118704174714518e-02
-0.000000000000000000e+00
1.391026659423492406e-01
2.647686055646815140e-01
0.000000000000000000e+00
-0.000000000000000000e+00
-0.000000000000000000e+00
6.331027816374186490e-02
-0.000000000000000000e+00
-1.919020947733810767e-01
6.094388128786445979e-02
0.000000000000000000e+00
-0.000000000000000000e+00
-0.000000000000000000e+00
-0.000000000000000000e+00
-0.000000000000000000e+00
-0.000000000000000000e+00
-7.324588459360242831e-02
-0.000000000000000000e+00
-0.000000000000000000e+00
1.458377393681836998e-01
2.969482170623362616e-01
-0.000000000000000000e+00
5.243338524398456768e-02
0.000000000000000000e+00
-0.000000000000000000e+00
-0.000000000000000000e+00
-0.000000000000000000e+00
-0.000000000000000000e+00
-0.000000000000000000e+00
-0.000000000000000000e+00
-0.000000000000000000e+00
1.981287466984044954e-01
-0.000000000000000000e+00
-0.000000000000000000e+00
-1.178367656035924915e-01
-1.587333926463048717e-01
0.000000000000000000e+00
-0.000000000000000000e+00
2.949678387334487284e-01
-0.000000000000000000e+00
-0.000000000000000000e+00
0.000000000000000000e+00
0.000000000000000000e+00
-1.546065138001564976e-01
0.000000000000000000e+00
2.432091303983064945e-01
2.608257811003437121e-01
-4.216855098421841697e-01
0.000000000000000000e+00
0.000000000000000000e+00
-0.000000000000000000e+00
1.317955439976012944e-01
3.908732280687465810e-02
0.000000000000000000e+00
-6.608479187200218263e-02
0.000000000000000000e+00
-0.000000000000000000e+00
-0.000000000000000000e+00
-0.000000000000000000e+00
-0.000000000000000000e+00
0.000000000000000000e+00
0.000000000000000000e+00
-0.000000000000000000e+00
1.682690207145742523e-01
-0.000000000000000000e+00
-0.000000000000000000e+00
0.000000000000000000e+00
-0.000000000000000000e+00
8.943360797099290938e-02
-0.000000000000000000e+00
0.000000000000000000e+00
0.000000000000000000e+00
5.933074248279939650e-02
-0.000000000000000000e+00
-0.000000000000000000e+00
-0.000000000000000000e+00
0.000000000000000000e+00
7.596769275352140138e-02
-5.402489404126925576e-01
0.000000000000000000e+00
-1.986423026394545654e-01
0.000000000000000000e+00
0.000000000000000000e+00
0.000000000000000000e+00
0.000000000000000000e+00
0.000000000000000000e+00
3.142816040975118241e-01
0.000000000000000000e+00
-0.000000000000000000e+00
0.000000000000000000e+00
-0.000000000000000000e+00
-0.000000000000000000e+00
0.000000000000000000e+00
-0.000000000000000000e+00
-0.000000000000000000e+00
-0.000000000000000000e+00
0.000000000000000000e+00
-0.000000000000000000e+00
0.000000000000000000e+00
0.000000000000000000e+00
0.000000000000000000e+00
1.067332586446411401e-02
0.000000000000000000e+00
1.911549700656967610e-01
1.237920094354917760e-01
0.000000000000000000e+00
-7.059036376472817287e-02
-0.000000000000000000e+00
0.000000000000000000e+00
0.000000000000000000e+00
-0.000000000000000000e+00
-0.000000000000000000e+00
0.000000000000000000e+00
0.000000000000000000e+00
0.000000000000000000e+00
-0.000000000000000000e+00
-0.000000000000000000e+00
0.000000000000000000e+00
0.000000000000000000e+00
-2.647745200984055747e-01
-0.000000000000000000e+00
4.414576751866115117e-02
0.000000000000000000e+00
0.000000000000000000e+00
-0.000000000000000000e+00
0.000000000000000000e+00
1.842326249429492857e-01
0.000000000000000000e+00
-0.000000000000000000e+00
-0.000000000000000000e+00
0.000000000000000000e+00
-0.000000000000000000e+00
-0.000000000000000000e+00
-0.000000000000000000e+00
-0.000000000000000000e+00
5.998303433272664242e-02
0.000000000000000000e+00
0.000000000000000000e+00
0.000000000000000000e+00
-0.000000000000000000e+00
-3.488886045614784659e-01
0.000000000000000000e+00
0.000000000000000000e+00
0.000000000000000000e+00
-0.000000000000000000e+00
-0.000000000000000000e+00
-0.000000000000000000e+00
0.000000000000000000e+00
-0.000000000000000000e+00
0.000000000000000000e+00
-7.033916502232152868e-03
0.000000000000000000e+00
-0.000000000000000000e+00
-0.000000000000000000e+00
-0.000000000000000000e+00
-0.000000000000000000e+00
0.000000000000000000e+00
-0.000000000000000000e+00
0.000000000000000000e+00
0.000000000000000000e+00
-4.568200647107297785e-01
-0.000000000000000000e+00
-0.000000000000000000e+00
0.000000000000000000e+00
-0.000000000000000000e+00
-7.548047635799874124e-03
-3.072822948339449245e-01
0.000000000000000000e+00
0.000000000000000000e+00
0.000000000000000000e+00
0.000000000000000000e+00
-0.000000000000000000e+00
-9.425439952528935628e-02
-0.000000000000000000e+00
1.785362026303966010e-01
-0.000000000000000000e+00
-0.000000000000000000e+00
0.000000000000000000e+00
0.000000000000000000e+00
-0.000000000000000000e+00
0.000000000000000000e+00
0.000000000000000000e+00
-0.000000000000000000e+00
3.960985322878197989e-02
0.000000000000000000e+00
-0.000000000000000000e+00
-2.739317820568871742e-01
-0.000000000000000000e+00
0.000000000000000000e+00
-0.000000000000000000e+00
-0.000000000000000000e+00
0.000000000000000000e+00
-1.641252529357133949e-01
-2.227046840051118137e-01
0.000000000000000000e+00
4.910775799535776337e-02
0.000000000000000000e+00
0.000000000000000000e+00
0.000000000000000000e+00
-0.000000000000000000e+00
-0.000000000000000000e+00
0.000000000000000000e+00
-0.000000000000000000e+00
-0.000000000000000000e+00
1.284399459286509337e-01
0.000000000000000000e+00
-3.009557171241117324e-02
-0.000000000000000000e+00
-9.940076860026110517e-02
-0.000000000000000000e+00
0.000000000000000000e+00
-2.006057355584711308e-02
-3.279212563212237086e-01
-0.000000000000000000e+00
-0.000000000000000000e+00
-0.000000000000000000e+00
3.390120971884415524e-01
0.000000000000000000e+00
-9.235189156372171360e-02
0.000000000000000000e+00
-0.000000000000000000e+00
-1.127390108996106748e-02
1.379020368827337251e-01
-2.852788407095129680e-02
4.626630474971303308e-01
0.000000000000000000e+00
-0.000000000000000000e+00
-0.000000000000000000e+00
2.604929360289582885e-01
0.000000000000000000e+00
-0.000000000000000000e+00
0.000000000000000000e+00
