-0.000000000000000000e+00
0.000000000000000000e+00
-0.000000000000000000e+00
-0.000000000000000000e+00
-0.000000000000000000e+00
0.000000000000000000e+00
-1.316762739367784707e-01
0.000000000000000000e+00
-0.000000000000000000e+00
-0.000000000000000000e+00
-3.127270893852503869e-03
0.000000000000000000e+00
0.000000000000000000e+00
-0.000000000000000000e+00
0.000000000000000000e+00
1.291850471736947781e-01
-0.000000000000000000e+00
-5.874933973651228630e-02
0.000000000000000000e+00
-3.695467574082862694e-02
-2.752439717185696799e-01
-0.000000000000000000e+00
0.000000000000000000e+00
0.000000000000000000e+00
-0.000000000000000000e+00
-0.000000000000000000e+00
-3.461035775447609403e-02
-0.000000000000000000e+00
-0.000000000000000000e+00
0.000000000000000000e+00
-0.000000000000000000e+00
0.000000000000000000e+00
-0.000000000000000000e+00
-0.000000000000000000e+00
-0.000000000000000000e+00
0.000000000000000000e+00
1.586665504366956969e-01
-0.000000000000000000e+00
9.481358512879897726e-02
-3.732178218442242512e-01
-0.000000000000000000e+00
-0.000000000000000000e+00
-0.000000000000000000e+00
0.000000000000000000e+00
0.000000000000000000e+00
0.000000000000000000e+00
0.000000000000000000e+00
0.000000000000000000e+00
-3.396974747327709543e-01
0.000000000000000000e+00
-0.000000000000000000e+00
-0.000000000000000000e+00
0.000000000000000000e+00
1.627418311353164837e-01
0.000000000000000000e+00
-0.000000000000000000e+00
-0.000000000000000000e+00
0.000000000000000000e+00
0.000000000000000000e+00
-2.497354193019846735e-01
0.000000000000000000e+00
0.000000000000000000e+00
0.000000000000000000e+00
-0.000000000000000000e+00
0.000000000000000000e+00
2.923923187396096912e-01
0.000000000000000000e+00
0.000000000000000000e+00
1.602183529122750694e-01
1.617015958012834043e-01
-0.000000000000000000e+00
0.000000000000000000e+00
-6.979884427397117785e-02
-0.000000000000000000e+00
0.000000000000000000e+00
0.000000000000000000e+00
-0.000000000000000000e+00
-3.243396978160464472e-03
0.000000000000000000e+00
0.000000000000000000e+00
-9.684634241319638182e-02
0.000000000000000000e+00
-0.000000000000000000e+00
-0.000000000000000000e+00
-0.000000000000000000e+00
-0.000000000000000000e+00
-5.465586250853102790e-01
1.015718837201468189e-01
0.000000000000000000e+00
-1.334704437448564762e-01
0.000000000000000000e+00
0.000000000000000000e+00
-0.000000000000000000e+00
-0.000000000000000000e+00
-0.000000000000000000e+00
-0.000000000000000000e+00
-1.329401028435610033e-01
0.000000000000000000e+00
0.000000000000000000e+00
5.996908812278400197e-02
-3.226556421020041476e-01
0.000000000000000000e+00
0.000000000000000000e+00
4.078616598848945340e-01
-0.000000000000000000e+00
-2.490008118500453282e-01
-0.000000000000000000e+00
0.000000000000000000e+00
-0.000000000000000000e+00
0.000000000000000000e+00
0.000000000000000000e+00
0.000000000000000000e+00
-0.000000000000000000e+00
-0.000000000000000000e+00
0.000000000000000000e+00
-0.000000000000000000e+00
-0.000000000000000000e+00
-0.000000000000000000e+00
-8.284686606049004864e-02
0.000000000000000000e+00
-0.000000000000000000e+00
-0.000000000000000000e+00
0.000000000000000000e+00
-0.000000000000000000e+00
0.000000000000000000e+00
0.000000000000000000e+00
-0.000000000000000000e+00
0.000000000000000000e+00
-0.000000000000000000e+00
0.000000000000000000e+00
-0.000000000000000000e+00
0.000000000000000000e+00
-0.000000000000000000e+00
-0.000000000000000000e+00
0.000000000000000000e+00
-0.000000000000000000e+00
-0.000000000000000000e+00
2.311251139351104267e-01
0.000000000000000000e+00
1.075233364485745496e-02
-0.000000000000000000e+00
-0.000000000000000000e+00
0.000000000000000000e+00
-0.000000000000000000e+00
1.843395184914267404e-01
-0.000000000000000000e+00
-1.012347358278306436e-01
0.000000000000000000e+00
-0.000000000000000000e+00
3.268846304121003632e-02
-0.000000000000000000e+00
0.000000000000000000e+00
3.877238709377081038e-01
0.000000000000000000e+00
-3.905173767821666919e-01
-0.000000000000000000e+00
-0.000000000000000000e+00
2.195517139496973025e-01
-2.995543243883321272e-01
3.551800778326767438e-01
-0.000000000000000000e+00
-0.000000000000000000e+00
-0.000000000000000000e+00
0.000000000000000000e+00
0.000000000000000000e+00
-0.000000000000000000e+00
1.970824047346899088e-01
-0.000000000000000000e+00
-0.000000000000000000e+00
-0.000000000000000000e+00
-0.000000000000000000e+00
-0.000000000000000000e+00
0.000000000000000000e+00
-0.000000000000000000e+00
-0.000000000000000000e+00
0.000000000000000000e+00
3.503534693830941960e-01
8.303389764032695353e-02
-0.000000000000000000e+00
-0.000000000000000000e+00
0.000000000000000000e+00
0.000000000000000000e+00
0.000000000000000000e+00
-0.000000000000000000e+00
0.000000000000000000e+00
-0.000000000000000000e+00
-0.000000000000000000e+00
0.000000000000000000e+00
-7.039626067520372843e-02
-1.589370059372148258e-01
0.000000000000000000e+00
0.000000000000000000e+00
0.000000000000000000e+00
-2.383221930552143486e-01
-0.000000000000000000e+00
-3.650505425751415234e-01
0.000000000000000000e+00
-0.000000000000000000e+00
-0.000000000000000000e+00
-3.375631308397545327e-01
-0.000000000000000000e+00
0.000000000000000000e+00
0.000000000000000000e+00
0.000000000000000000e+00
0.000000000000000000e+00
-0.000000000000000000e+00
-0.000000000000000000e+00
0.000000000000000000e+00
-0.000000000000000000e+00
0.000000000000000000e+00
0.000000000000000000e+00
0.000000000000000000e+00
-0.000000000000000000e+00
0.000000000000000000e+00
-0.000000000000000000e+00
-7.088277059605158081e-02
-0.000000000000000000e+00
0.000000000000000000e+00
1.776602312917610615e-02
9.614088719990403209e-02
-0.000000000000000000e+00
-0.000000000000000000e+00
-0.000000000000000000e+00
0.000000000000000000e+00
-0.000000000000000000e+00
0.000000000000000000e+00
-0.000000000000000000e+00
0.000000000000000000e+00
-0.000000000000000000e+00
1.611875240176756027e-02
0.000000000000000000e+00
-0.000000000000000000e+00
2.789414574144881698e-01
-0.000000000000000000e+00
-0.000000000000000000e+00
0.000000000000000000e+00
8.143663361881633977e-02
0.000000000000000000e+00
-0.000000000000000000e+00
-0.000000000000000000e+00
0.000000000000000000e+00
-0.000000000000000000e+00
-0.000000000000000000e+00
0.000000000000000000e+00
0.000000000000000000e+00
-0.000000000000000000e+00
0.000000000000000000e+00
-0.000000000000000000e+00
-0.000000000000000000e+00
-0.000000000000000000e+00
-2.105242875412052517e-01
1.687561660633059291e-01
7.850071022926964626e-02
7.724979333401857384e-02
-0.000000000000000000e+00
-6.449033157061040411e-02
-3.663636374445975452e-01
3.095911691027562751e-02
0.000000000000000000e+00
0.000000000000000000e+00
9.379762127148357637e-03
0.000000000000000000e+00
-0.000000000000000000e+00
-0.000000000000000000e+00
0.000000000000000000e+00
