0.000000000000000000e+00
-2.583777273254027063e-01
1.941019818496568863e-02
-0.000000000000000000e+00
0.000000000000000000e+00
-0.000000000000000000e+00
-0.000000000000000000e+00
-0.000000000000000000e+00
-0.000000000000000000e+00
0.000000000000000000e+00
-0.000000000000000000e+00
0.000000000000000000e+00
0.000000000000000000e+00
-0.000000000000000000e+00
4.390540256527492580e-01
-0.000000000000000000e+00
-0.000000000000000000e+00
0.000000000000000000e+00
-0.000000000000000000e+00
-0.000000000000000000e+00
-0.000000000000000000e+00
-4.058332961920101400e-01
0.000000000000000000e+00
-8.367435440853870920e-02
0.000000000000000000e+00
-0.000000000000000000e+00
-0.000000000000000000e+00
0.000000000000000000e+00
0.000000000000000000e+00
1.001825014839743677e-01
-0.000000000000000000e+00
-0.000000000000000000e+00
0.000000000000000000e+00
0.000000000000000000e+00
-0.000000000000000000e+00
0.000000000000000000e+00
-3.300516715615056107e-01
1.009156467811198332e-01
0.000000000000000000e+00
-0.000000000000000000e+00
-0.000000000000000000e+00
-2.014423553700013525e-01
-0.000000000000000000e+00
-3.278329933536128782e-01
5.069589982069554364e-03
-0.000000000000000000e+00
-1.704571384863899364e-01
0.000000000000000000e+00
0.000000000000000000e+00
-0.000000000000000000e+00
-0.000000000000000000e+00
-1.016676463571065392e-01
-0.000000000000000000e+00
0.000000000000000000e+00
0.000000000000000000e+00
0.000000000000000000e+00
0.000000000000000000e+00
0.000000000000000000e+00
-0.000000000000000000e+00
0.000000000000000000e+00
0.000000000000000000e+00
0.000000000000000000e+00
0.000000000000000000e+00
-0.000000000000000000e+00
-0.000000000000000000e+00
0.000000000000000000e+00
-0.000000000000000000e+00
-4.590358696347563577e-02
0.000000000000000000e+00
-0.000000000000000000e+00
0.000000000000000000e+00
-0.000000000000000000e+00
-0.000000000000000000e+00
0.000000000000000000e+00
-0.000000000000000000e+00
2.361139817945481778e-01
1.224175873010514004e-01
0.000000000000000000e+00
-1.835939967759018798e-01
0.000000000000000000e+00
0.000000000000000000e+00
-5.194867550098413583e-02
1.512048251292380796e-01
-0.000000000000000000e+00
0.000000000000000000e+00
-1.772007117805396437e-01
-0.000000000000000000e+00
0.000000000000000000e+00
0.000000000000000000e+00
-4.131206907188681998e-01
1.073359703093046957e-01
0.000000000000000000e+00
-2.031986000063536746e-01
-0.000000000000000000e+00
0.000000000000000000e+00
6.559482745351170874e-02
-0.000000000000000000e+00
-0.000000000000000000e+00
3.035984952935698589e-01
0.000000000000000000e+00
2.117082276556901121e-01
0.000000000000000000e+00
0.000000000000000000e+00
0.000000000000000000e+00
-0.000000000000000000e+00
0.000000000000000000e+00
-0.000000000000000000e+00
0.000000000000000000e+00
-0.000000000000000000e+00
-9.595578170364384152e-02
-0.000000000000000000e+00
0.000000000000000000e+00
0.000000000000000000e+00
-0.000000000000000000e+00
-0.000000000000000000e+00
-0.000000000000000000e+00
0.000000000000000000e+00
-0.000000000000000000e+00
-0.000000000000000000e+00
0.000000000000000000e+00
-0.000000000000000000e+00
-3.709039839017305717e-02
0.000000000000000000e+00
-0.000000000000000000e+00
-5.938514370045826912e-02
-0.000000000000000000e+00
0.000000000000000000e+00
-0.000000000000000000e+00
-0.000000000000000000e+00
1.640694641411041543e-01
0.000000000000000000e+00
-0.000000000000000000e+00
9.509236409735701001e-03
-0.000000000000000000e+00
0.000000000000000000e+00
-0.000000000000000000e+00
-3.759097576535282426e-01
-0.000000000000000000e+00
-0.000000000000000000e+00
-0.000000000000000000e+00
0.000000000000000000e+00
1.389044472470686228e-02
-0.000000000000000000e+00
0.000000000000000000e+00
1.968113394449150788e-01
-0.000000000000000000e+00
0.000000000000000000e+00
0.000000000000000000e+00
0.000000000000000000e+00
-0.000000000000000000e+00
0.000000000000000000e+00
0.000000000000000000e+00
0.000000000000000000e+00
-0.000000000000000000e+00
-0.000000000000000000e+00
0.000000000000000000e+00
0.000000000000000000e+00
0.000000000000000000e+00
0.000000000000000000e+00
0.000000000000000000e+00
0.000000000000000000e+00
1.300499179763431046e-01
0.000000000000000000e+00
2.646041386586736252e-02
-0.000000000000000000e+00
1.684691283194785505e-01
0.000000000000000000e+00
2.129406764013491993e-01
-0.000000000000000000e+00
0.000000000000000000e+00
0.000000000000000000e+00
0.000000000000000000e+00
-0.000000000000000000e+00
-0.000000000000000000e+00
-0.000000000000000000e+00
-0.000000000000000000e+00
-0.000000000000000000e+00
-0.000000000000000000e+00
0.000000000000000000e+00
-0.000000000000000000e+00
-0.000000000000000000e+00
0.000000000000000000e+00
-0.000000000000000000e+00
-0.000000000000000000e+00
-0.000000000000000000e+00
0.000000000000000000e+00
-0.000000000000000000e+00
0.000000000000000000e+00
0.000000000000000000e+00
-0.000000000000000000e+00
-0.000000000000000000e+00
-1.603848973818046697e-01
-0.000000000000000000e+00
0.000000000000000000e+00
-3.836519622295673226e-01
-0.000000000000000000e+00
3.885523577104847415e-01
0.000000000000000000e+00
0.000000000000000000e+00
-0.000000000000000000e+00
0.000000000000000000e+00
0.000000000000000000e+00
0.000000000000000000e+00
-0.000000000000000000e+00
0.000000000000000000e+00
-0.000000000000000000e+00
-3.087361510777135165e-01
0.000000000000000000e+00
0.000000000000000000e+00
-0.000000000000000000e+00
-0.000000000000000000e+00
-0.000000000000000000e+00
0.000000000000000000e+00
1.154162460264649692e-01
-0.000000000000000000e+00
-0.000000000000000000e+00
0.000000000000000000e+00
0.000000000000000000e+00
-0.000000000000000000e+00
-0.000000000000000000e+00
-1.573773683659794587e-01
0.000000000000000000e+00
-0.000000000000000000e+00
0.000000000000000000e+00
-9.966676571805345441e-02
-0.000000000000000000e+00
0.000000000000000000e+00
-8.163444780571861570e-02
-3.275146754763840762e-01
0.000000000000000000e+00
0.000000000000000000e+00
-1.429242788441175416e-01
-0.000000000000000000e+00
0.000000000000000000e+00
-0.000000000000000000e+00
4.602594424868067247e-02
-0.000000000000000000e+00
-0.000000000000000000e+00
2.040192015973921469e-01
-0.000000000000000000e+00
0.000000000000000000e+00
0.000000000000000000e+00
7.982670705855063331e-02
-0.000000000000000000e+00
1.398796201802676442e-01
0.000000000000000000e+00
0.000000000000000000e+00
0.000000000000000000e+00
0.000000000000000000e+00
1.818829445683028956e-01
-0.000000000000000000e+00
-0.000000000000000000e+00
-0.000000000000000000e+00
0.000000000000000000e+00
0.000000000000000000e+00
0.000000000000000000e+00
-0.000000000000000000e+00
-0.000000000000000000e+00
0.000000000000000000e+00
0.000000000000000000e+00
0.000000000000000000e+00
0.000000000000000000e+00
-0.000000000000000000e+00
-0.000000000000000000e+00
-4.256369613189422973e-02
