4.655794076160642003e-01
-7.384530980611558881e-01
-9.644944997630000572e-01
-1.176545363698020541e-01
3.693785154392787984e-01
2.197552809823624109e-01
-2.930751499929957760e-01
-6.526711507374445276e-01
2.269549614659123193e-01
-1.710064823026888892e-01
-7.859645987586967308e-01
8.676041154747049511e-01
-4.518562816016047368e-01
1.603232226243811454e-02
-8.415943336991960066e-02
-9.286803455146752651e-01
-8.841433842082735417e-02
-8.582897991959141937e-01
5.530388335787281839e-01
8.085322829456447202e-01
-7.697068193467049291e-02
6.011602626758123513e-01
-6.645314780898716744e-01
2.370619973348386811e-01
5.279898725360960832e-01
-1.503127100986230147e-01
-7.175936922359151815e-01
1.482126779505876790e-02
-3.891788941779930067e-01
1.829865962038756955e-02
8.136648178432948075e-01
8.968637069242488824e-01
9.281749703273629581e-01
-3.399981922895662922e-01
-9.021259665038727782e-02
-5.178148209206285824e-01
2.546045267612591090e-01
8.752391788704978470e-01
-6.754512684394300415e-01
7.337625608068776284e-01
6.320044916499076848e-01
-8.644573730816156321e-01
-4.173994071539210982e-01
2.668521681822055847e-01
7.081860388344385360e-01
8.571163492692217556e-01
1.986062320542458792e-02
6.873043369598066388e-01
4.853337169984233146e-01
5.902325282512219662e-01
-4.618995255436393332e-01
-8.930236789323129365e-01
-9.440974490379769879e-01
-1.992648153743641348e-01
6.410008112077107967e-01
4.804983381328888914e-01
-8.141072272886544781e-01
5.733387423001106153e-01
5.860518410376203136e-01
2.443711205220198135e-01
6.403849027988812725e-01
2.045196886038485040e-01
6.675587022260640602e-01
-8.624419227432404966e-01
1.320989893660251546e-01
9.572200159617780812e-01
-5.712276307033743450e-01
9.114807415646251076e-01
-1.681479620981796153e-02
1.871754833552718988e-01
-6.005202101545479287e-01
-9.010881244432586978e-01
-6.670168597358772100e-01
-3.534803732429554479e-01
-9.209977527787356344e-01
-5.768157011793295652e-02
-8.924279211792685018e-02
-8.525211162891799255e-02
8.499201252008650176e-01
-7.211073034863528797e-01
-8.567322699218953286e-01
4.485659467230773689e-01
-2.660148880213308864e-02
-4.189908357888887380e-01
3.598421966958986751e-01
-2.479496296103740338e-01
9.435817463776388081e-01
-8.498547124272690656e-01
3.475194697484664808e-01
-5.386321614667177737e-01
-4.621443624999912458e-01
1.547002050327139777e-02
-4.032623308517129246e-01
4.758140117943985281e-01
-6.362345900071511018e-01
9.695066707164710085e-01
-9.226602094511247021e-01
9.781551384046354158e-01
-6.005433665531287879e-01
-3.505125082193405461e-02
4.734830034341011018e-01
9.005107221013106678e-01
-6.465416814877289475e-01
7.680378738040039011e-02
2.813148249069357121e-01
-9.964667880267139566e-01
-5.487441590915842493e-01
2.981513861547189226e-01
1.319679093246712842e-01
1.258013680520919664e-01
9.919388040703638332e-01
3.787710149840799456e-01
9.549383286371770918e-01
1.610736523865434755e-01
-1.076600283485700249e-01
3.025667606012953925e-01
-5.978560447075651485e-01
-3.674937579397934417e-01
-7.370785301677351686e-01
-3.132322892754908494e-01
4.357969573174926836e-01
-7.404388050939814114e-01
-9.856727375826028759e-01
7.513962741319093475e-01
6.495602791439094581e-01
6.546701058871937651e-01
-4.075913401825981275e-01
-5.765576356306785222e-01
-6.536585979379805345e-01
-5.747093083964271987e-01
7.131282838703936200e-01
-7.518028842176713855e-01
-8.695564846133565506e-01
9.004919524078889292e-01
-7.222673154027949849e-01
-7.338265237517100914e-01
-5.666984062811510903e-01
-9.825905271493484694e-01
9.893319349801639184e-01
-2.328284488872705005e-01
7.505175454858588058e-01
-1.174369259188892123e-01
3.511829395926122643e-01
5.363469477046312051e-01
-2.699681021506055156e-01
-1.650225028128262661e-01
-5.443884561765905961e-01
3.117155172502723559e-01
4.488037909837772066e-01
3.971069439452681316e-01
9.227096381334261022e-01
-9.831513996650365073e-02
-4.098067446089010968e-01
8.361495735304904642e-01
-7.207512041799264413e-01
1.926222808056208269e-01
9.530807323009526932e-02
2.608434560771908384e-01
9.788503734898144071e-01
-6.862142070879257982e-01
-3.167640551485380040e-01
3.338930855978345935e-01
-6.341594396252221433e-01
-8.083716261935749436e-01
7.341439225497552457e-01
-9.660457776789421747e-01
5.138105771747920603e-01
8.663349284174073350e-01
-5.371550264056899060e-01
-6.940664908657894205e-01
-9.249995099521601816e-02
-9.496193386454836460e-01
9.251949782609090178e-01
-9.841404520814198698e-01
1.745606503954844069e-01
2.269941329033398070e-02
4.669083545770558175e-02
-2.103854988355724487e-02
-7.613268544072413491e-01
-7.474888268600550223e-01
-4.695592343536636459e-01
9.019444714309765576e-01
2.929120414923329641e-01
-1.316564221127392020e-01
-5.958567870864959204e-01
8.673412872855383871e-01
-8.454277873332505244e-01
-6.150003147009286408e-01
3.221778239361894336e-01
4.966061886927217728e-01
-1.055612269126045000e-01
-3.848492705813266745e-01
6.527706069753902440e-02
2.719591398971934471e-01
-2.814528610263522523e-02
6.686518471811941922e-02
8.824257504149097819e-01
7.999290432358130420e-01
-5.857996102795415272e-01
-8.753698610154359017e-01
6.268764266866755364e-02
8.034388598014243765e-01
-8.932974282519501319e-01
-3.273150887170233059e-01
3.460575561110148524e-01
-2.416431486964871755e-01
-1.971822259912745512e-01
9.800424887922407624e-01
5.331062870874629933e-01
8.709021191626344915e-01
9.687890693259739727e-01
-7.117170400672827579e-01
5.417288130984012628e-01
4.524529725326240648e-01
7.254849076128935259e-01
-7.248744193726792684e-01
3.161311062952143480e-02
4.964772117534128615e-01
2.579490234679426841e-02
9.726181386679431107e-01
-6.956644505630433795e-01
-3.831915630671862694e-01
1.128542265135497047e-01
3.626483382814293943e-01
-5.159885308254819059e-01
-9.619989700908884167e-01
-5.358304382395375765e-01
8.287190244731545974e-01
1.413329009751103094e-01
7.444916676197839145e-01
8.211625949133538604e-02
8.005822331122389723e-01
-1.506635384006480560e-01
3.250993174585801171e-01
-3.534791907772023567e-01
-1.148050094928543263e-01
1.814497840480586710e-01
-3.617653060181171831e-01
-3.882202039665385573e-01
-6.644743475460355153e-01
2.745285892944713257e-01
9.265412530906593780e-01
-3.429312827932284868e-02
-4.420408711129193424e-01
-9.570569792557623856e-01
-4.130441405884539563e-01
6.584857168176962983e-01
2.870676121108715062e-01
-8.640940365987885841e-01
-6.433502732569795768e-01
-5.361650624685612154e-01
-5.865827060530770520e-01
1.228315691299155521e-01
5.335568236203891423e-02
6.431758392653237344e-01
-5.598793677733429064e-01
-2.006148092638675440e-01
5.392018499385837771e-01
3.858169037920413658e-01
-8.326839877170910675e-02
-9.503601591531698478e-01
8.460653538175377797e-01
-5.077799838168772784e-01
3.972257851280296403e-01
-4.682062138708027454e-01
