8.821017122294843027e-01
-6.389342452230168945e-01
-4.106796982308682509e-01
7.238658329786589185e-01
-5.427257891518177946e-01
2.316524512387485579e-01
-8.415100045493437708e-01
8.930923770756453717e-01
-2.744782618461318879e-01
-3.839981271626786707e-01
-9.803164162678212890e-02
-4.199695758796884171e-01
3.812950491713347212e-01
-3.317254320594167361e-01
-6.822176204441716685e-01
6.892273400417834317e-01
2.979195541904589017e-01
-2.555431045191425277e-01
-5.537682056907666794e-01
6.188669852243282588e-01
7.357228659924510694e-01
6.549245339075562278e-01
-1.989211503001635517e-01
-3.608495617432498914e-01
-5.302404518878804929e-01
4.145280306228960043e-03
5.483915554618954413e-01
9.901713534135647699e-01
1.351075011159716954e-01
5.311898844737401593e-01
9.896441991477171740e-01
2.613341440852257058e-02
-3.715023901335710033e-01
4.828389869581453109e-01
-4.647110355765382561e-01
-1.746632541824026941e-01
2.033526536350123148e-01
5.424457505806608015e-01
-5.489043524077501512e-01
6.814543397883097153e-01
-1.540013362561929444e-01
-5.150052013782600024e-01
-4.560243363484834944e-01
-5.187589291452368023e-01
7.673450257707483679e-01
9.575733934960191096e-01
1.518758628319891724e-01
8.677800203764087783e-01
-7.439468613778186246e-01
9.067080730066225946e-01
2.707231178984002007e-01
8.209331174424481237e-01
-4.760561470869346667e-01
-2.636404696702454586e-03
9.018632409885005696e-01
-3.661880823872654123e-01
9.996678268963998804e-03
-3.417036965134292448e-01
-4.595969987901884490e-01
-5.743397492042250363e-01
-3.312998136023548312e-01
-9.746931239835618932e-01
-2.518324809187366675e-01
6.995381636314754736e-01
2.393442363814448637e-01
7.757888652039670596e-01
-6.205922963236265577e-01
9.883659020702795228e-01
-4.595370151570177253e-01
-9.444011190790546628e-02
-5.419631098854695850e-01
-4.637026172595473117e-01
-5.570638329519517207e-01
-5.806087866786193707e-01
8.279711726715113240e-01
2.451361680731751758e-01
-1.224211565292270265e-01
8.526072528267329975e-01
-4.426774609128822924e-01
-1.094864764740384189e-01
4.125137262686344730e-01
-7.478760557066366221e-01
-1.213022145973861043e-01
-3.080599551126146363e-01
7.268548998078594447e-01
3.645252825740303848e-01
-9.903138626237633080e-01
-9.516353693108539069e-01
-4.878197419680869729e-01
-9.892666282845241632e-01
9.095330051171497399e-01
-7.084658019821610253e-03
-5.131003164946741357e-01
5.233726115852297411e-01
-7.578167624590212981e-01
-7.767618889390039971e-01
-7.935349928919857021e-01
-2.278465703017877875e-01
-4.574846063867910040e-01
-4.141619579138442475e-01
6.736022367686023138e-02
7.217101488150075017e-01
-4.473777949383670460e-01
9.120201939157588367e-01
8.550781719021771643e-02
-8.970823443264317465e-01
-5.075777363952178600e-01
1.429500658331399610e-01
1.882680683185362636e-01
-5.427994996562073293e-01
-8.451309207761767972e-01
-7.274804867921584872e-01
-1.267222325969330488e-01
-7.561852809548585963e-01
5.924216264089747774e-01
7.067526280978770892e-01
-2.716116481817436590e-01
-8.233283838653553399e-01
7.025159081644898329e-01
6.989063821706920088e-01
-7.728712384572351546e-01
-6.910585411883778395e-01
1.505017118679710109e-01
-2.174853465380479633e-01
7.234956946833197566e-01
6.638854164510576972e-01
-5.085784758049252119e-01
2.328192074758297370e-01
-2.713959288024783145e-01
-4.476833801284385572e-03
-9.057742632356700074e-01
2.363048518308681345e-01
-8.394940312302807683e-01
-2.290552403882604171e-01
-7.658979469241482541e-01
-5.830440528731808403e-01
1.851964748364178792e-01
9.515699753697228758e-01
9.278874715832927667e-01
-8.965818727896630591e-01
3.899887977093281499e-01
-2.789473208343469235e-01
-8.009576527331010443e-01
2.230962006546044485e-02
9.717068589390318589e-01
-5.162398427582104432e-02
-6.399136441829376132e-01
-9.541860360911476047e-01
-4.948254292821543388e-01
7.262247884616424010e-02
-8.442684731073193394e-01
-4.040646439314503624e-01
-3.988356997851374430e-01
7.394623897263208345e-01
8.391852577231433408e-01
-6.678539235851230771e-01
-5.706896336438123107e-01
-3.512696445200080841e-01
-1.127608724024795617e-01
-8.513533292568624677e-01
7.217586847949020168e-02
3.638500723726059149e-01
-7.106624216469561439e-01
-5.727726728616242546e-01
-7.031481494968494506e-01
-9.958131576706066301e-01
3.481049103053777127e-01
-1.198154568531439867e-01
-7.239861636444298032e-01
-3.959388258157530149e-01
-5.613495413370290787e-01
3.895725309071049747e-01
7.000037572443360556e-01
-5.989356310814377693e-01
-9.783957433451631047e-01
-9.954168925586941441e-01
-7.747559534746060184e-01
-6.647830751789038928e-01
7.089094902439141421e-01
9.974088534829133046e-01
-8.489896718947287368e-03
3.735393375793916171e-01
-4.736517812514078329e-01
8.637943163652095357e-02
5.282859656321403641e-01
-8.234238682668222342e-01
5.279708603919375243e-01
6.441012856230567962e-01
8.902080119801569769e-01
7.887987974277921310e-02
2.845674109554268139e-01
4.934724480396111002e-01
6.594227191344972372e-01
9.452709078833925194e-01
-5.337745542581009417e-01
-3.530666193303664269e-01
2.876445444861275291e-01
4.509164189925298771e-01
5.052532327314578353e-01
-7.887442987627422131e-01
-4.737469009521897423e-01
6.565405951212186508e-01
2.742143343668845823e-01
-9.804389997056119910e-01
8.847736482932493374e-01
7.524943686637772799e-01
6.655027571465033098e-01
-7.635797677046363141e-01
4.234057211120991759e-01
2.111140818094470184e-02
-1.021869535827306663e-01
-8.143939789842813415e-01
4.921311689471632445e-01
-2.418056795706287065e-01
8.455464921169670856e-01
-8.851965173013263133e-01
5.630131186387361542e-01
-2.831929068547229811e-01
1.593407405869262661e-02
5.054796504188274753e-01
-1.135112140132719105e-01
-5.188689950685017038e-01
-9.973296810887848363e-01
7.905510543203588814e-01
-7.107960921576947921e-01
-6.243628106803433830e-01
2.090256905053784475e-01
2.277079732173248328e-01
-3.302783327891325449e-01
-7.214271532958511646e-01
-6.281611051794004918e-01
6.102886789102579534e-02
-2.174493694772521302e-01
5.114141819640583009e-01
-3.159175360507249231e-01
-8.497060228536799098e-01
-4.423229474220753410e-01
5.883791092980974469e-01
-3.987752809193889636e-01
9.744849516079079343e-02
-1.652304043772137021e-01
-7.708786873085577973e-01
-1.728473744704062121e-02
9.735512335253979632e-01
-3.715963102850730060e-01
-9.127813205867412183e-01
3.986575387217972111e-01
-8.308002624986534634e-01
-5.977649876260282547e-02
-2.178860888929909922e-01
-1.548170683794058977e-01
2.896737635359853957e-01
1.000749698616718586e-01
4.223399558581675262e-01
-9.935824844946279377e-01
-5.384981522938230292e-01
-1.103541111837249566e-01
9.291196355815409813e-01
-5.402001502614075523e-01
9.710521262270905840e-01
6.869884421157099741e-01
-5.719203581943628212e-01
6.490167491031992864e-01
5.892587013756720449e-01
7.943495911533517972e-01
