-5.088003380929981834e-01
9.684458145452330413e-01
1.377201630057278692e-01
-8.071093195978891188e-01
6.438546979556563077e-01
-8.044309489462524443e-01
-4.507692059250514305e-01
3.429797402048808674e-01
8.149574043269303125e-01
-3.778572003064590845e-01
2.658197740413303922e-01
-1.308089413997508554e-01
8.203097052086805174e-01
-8.256127104434316522e-01
-3.795967415311054527e-01
9.890526218735924413e-01
-4.445934154327184640e-01
6.600229169147437958e-01
7.913452638527385119e-01
7.131952855176320050e-01
7.154693519658883449e-01
-7.893305678570550210e-01
8.522106632874204557e-01
9.166272721525570155e-01
3.348861039407808882e-01
-9.726001306351039766e-01
-7.174040080338111025e-01
9.015690155952789109e-01
-6.711545844245245807e-01
-1.125474637043710757e-02
-4.737156656892882456e-01
-1.651365223043121944e-02
1.934258400952539869e-01
7.235951180615631806e-01
-8.399450952356541933e-01
-1.352122498841297205e-01
-7.660964107255197053e-01
-4.970181318349553568e-01
-6.933448655784597570e-01
6.139169781382731728e-01
1.384124735543501572e-03
4.825953426821802950e-01
-2.380853432818439419e-01
9.563441161870134266e-02
-4.592635500819939320e-01
5.377847434702984764e-01
-7.159020131499373996e-01
6.818884874604786983e-01
7.560546768482381275e-01
-9.925455187903988730e-01
-6.646145829423670826e-01
-7.753046498067870385e-01
3.319955923673534315e-02
-6.029143328252375422e-01
4.722219284320563482e-01
4.807330083792764608e-01
-6.274878851544458680e-01
-6.938909207100634191e-01
8.005724978238135670e-01
-4.435771396286893875e-01
-3.306701444757911279e-01
5.572237803242894305e-01
-7.479489456882426612e-01
-3.558513690835487520e-01
-9.537065210237423152e-01
3.423679509282273603e-01
-9.322128964062725842e-01
4.021702319200137765e-02
-5.038133256642658431e-01
8.977119548354117740e-02
-7.716990099428815419e-01
-9.154278747378374881e-01
7.562720605756045877e-01
-2.062658716249949897e-01
9.502562965017449237e-01
-8.252223002128593610e-01
-5.211253095037904348e-01
-9.665272715724522179e-01
-5.214770202938321386e-01
3.637754681462683770e-01
-8.932067236277529965e-01
2.973604383586956335e-01
-9.895497610709338421e-01
-9.715263996097953658e-01
-3.589366788297929656e-01
-4.314059543829869003e-01
1.632065020004560552e-01
3.149212796082379029e-01
-6.904698609769548412e-01
2.196576665537797179e-01
2.821243580024856978e-01
-1.887309621881967381e-01
1.416977043793803404e-01
-7.645460184907126866e-02
-5.222628289806754420e-01
2.269827595277154053e-01
-7.836951833772676235e-01
-6.051173779379916962e-01
-9.251459143380500461e-01
-3.114050144142597176e-01
-3.035787508172780313e-01
-9.443519753316202969e-01
3.322615782787115002e-01
2.713618099731540667e-02
4.333858028566142107e-01
-3.070213061448829883e-01
-6.441701851675858403e-01
-2.016738773931778805e-01
7.003306693430839669e-01
3.301255003753904571e-01
-2.828255120134655076e-01
4.181007716703686317e-01
-9.191999270107724662e-01
5.136024486889789742e-02
-6.757628569405160768e-01
2.808339892699589502e-01
-1.288631732178990852e-01
1.611569156134002867e-01
-7.073043165449406366e-01
4.196984702659145583e-02
3.255617399528396572e-01
-8.265211672204633153e-01
6.579768589220871267e-01
5.937003629557622286e-01
5.188878500300579955e-01
-9.227480168335280286e-01
8.312634295721292865e-01
9.204338664399995817e-01
4.467039253743483318e-01
9.273056870909437421e-01
5.884948221602255281e-01
2.069038285292190693e-01
4.588445160923226851e-01
-1.757213139874278518e-01
-2.456620036856844713e-01
1.568186070205519478e-01
-4.227152963784415185e-01
-9.726739433009963243e-01
9.179867191600186160e-01
-7.343635147022220533e-01
9.128506832109308800e-01
1.072386183033733342e-01
-1.291790558955505652e-01
4.207984308731509415e-01
-1.721148989400071994e-01
-5.693296299698873408e-01
-4.308338471538772918e-01
-8.116838172830709297e-03
3.156906254013878144e-01
-6.819255871220044618e-01
-3.651261666242906490e-01
4.396669932131125336e-01
-4.627377444197569023e-01
-7.844008700655504818e-01
7.390972690105448439e-01
-3.647090979207590067e-02
2.849792368186447877e-01
-3.827833464755781012e-01
-3.632238988701852467e-01
-3.654774932402493626e-02
9.185294158726498015e-01
-7.170708270828314301e-01
-6.955777958205275890e-01
-9.050043682169799375e-01
-8.891652138525734106e-01
-1.841010719273172835e-01
4.850862300555192075e-01
-8.465089275507462485e-01
-9.161498382943817909e-01
-1.991027640786153796e-01
-6.502208527994315368e-01
1.544526459033912502e-01
-3.798317684150400719e-01
8.273214710398606453e-01
5.537541924253845949e-01
-1.822663490929070651e-01
-5.786343098122423978e-01
-2.941966772388175944e-01
-6.219639057920560710e-01
-2.466912056415406784e-01
9.079841794527507837e-01
-3.919668117568215759e-01
9.647898845439402127e-01
-1.887361616304352729e-01
2.322998218755423228e-01
-2.474810477262416875e-01
-4.646290656409803876e-01
-3.693424055047715981e-01
-3.226434098734280997e-01
6.913992396766497350e-01
-7.466155523211499556e-01
-2.496135156996843740e-01
5.728372553392162558e-01
-7.971874510873688813e-01
-4.505346128433740382e-02
-3.813075306132966968e-01
7.011818926035624511e-01
-6.889922784671638212e-01
9.160289859393666578e-01
-5.986564021676705760e-01
3.623624227369530715e-01
-6.127797898197184789e-01
6.878846168865293542e-02
-2.612135799272778947e-01
-9.331697992213137116e-01
8.534526913452098462e-01
-8.010881859178651254e-01
-8.262044696809445199e-02
8.063323379232780752e-01
2.481531898258844127e-01
-7.307448106398468646e-01
2.469494867453203568e-02
6.247835710254756592e-01
7.638103983418556009e-01
3.458116172955116863e-01
-6.268075463101452360e-01
4.640104701595226810e-01
-2.774283545625795266e-01
8.343834150239477498e-01
-1.394103127761581185e-01
7.388519855396018521e-01
9.093028455096403562e-01
-2.188556078559367180e-02
-4.275772606500840567e-01
-8.156903691943062640e-02
-1.850996345071269644e-01
-3.246142155460691736e-01
-4.436370482483520394e-01
-1.627132232253998279e-01
8.395215900754102734e-01
2.810745323792593897e-01
-9.752049914363285499e-01
-1.132599800811675550e-01
1.940793070244009044e-01
-9.816139165724167004e-01
-4.327747019777712367e-01
-8.873419802305841930e-01
-6.287491011318460110e-01
-2.888124136842651346e-02
-1.206338607574792832e-01
-3.396750258193448335e-01
-6.476774732515595545e-01
-2.796847257888439575e-01
7.500000566005642355e-01
9.781119012689278858e-01
-6.440678859642097187e-01
2.628769925948721831e-01
5.434434857580165978e-01
-6.386256432295349672e-01
3.027491370109431923e-01
2.141073571271803200e-01
8.045855481815444854e-01
3.200085877316891647e-01
9.587514403820014408e-01
5.328993816535685379e-01
6.813889111368782725e-01
6.258219473325543625e-02
-5.038812740500731024e-02
-8.217420193985340848e-01
-7.030174250786171974e-01
2.815005041881426529e-01
-4.140008126622094498e-01
-1.174672914449248484e-01
9.282521016359979171e-01
-7.695254000136790840e-01
