-0.000000000000000000e+00
-0.000000000000000000e+00
-0.000000000000000000e+00
-0.000000000000000000e+00
0.000000000000000000e+00
-0.000000000000000000e+00
-1.865058550815340555e-02
-0.000000000000000000e+00
0.000000000000000000e+00
0.000000000000000000e+00
-0.000000000000000000e+00
0.000000000000000000e+00
-3.790109609385109990e-01
7.580077884036005853e-02
1.478256765233634459e-02
0.000000000000000000e+00
-0.000000000000000000e+00
2.860230338168952557e-01
0.000000000000000000e+00
-0.000000000000000000e+00
0.000000000000000000e+00
0.000000000000000000e+00
0.000000000000000000e+00
-0.000000000000000000e+00
2.038738528038176387e-02
0.000000000000000000e+00
0.000000000000000000e+00
-0.000000000000000000e+00
0.000000000000000000e+00
0.000000000000000000e+00
-0.000000000000000000e+00
0.000000000000000000e+00
0.000000000000000000e+00
-0.000000000000000000e+00
-0.000000000000000000e+00
-1.217029841714622751e-01
0.000000000000000000e+00
-2.076687499572209550e-01
0.000000000000000000e+00
1.105162679001992776e-01
-0.000000000000000000e+00
0.000000000000000000e+00
0.000000000000000000e+00
-0.000000000000000000e+00
0.000000000000000000e+00
0.000000000000000000e+00
-0.000000000000000000e+00
-0.000000000000000000e+00
0.000000000000000000e+00
-0.000000000000000000e+00
-0.000000000000000000e+00
5.104057232294348379e-02
0.000000000000000000e+00
-0.000000000000000000e+00
0.000000000000000000e+00
0.000000000000000000e+00
-0.000000000000000000e+00
0.000000000000000000e+00
0.000000000000000000e+00
0.000000000000000000e+00
-0.000000000000000000e+00
0.000000000000000000e+00
0.000000000000000000e+00
-0.000000000000000000e+00
-0.000000000000000000e+00
-0.000000000000000000e+00
0.000000000000000000e+00
0.000000000000000000e+00
0.000000000000000000e+00
0.000000000000000000e+00
-0.000000000000000000e+00
-0.000000000000000000e+00
0.000000000000000000e+00
0.000000000000000000e+00
-3.069273591215077035e-01
0.000000000000000000e+00
0.000000000000000000e+00
-3.450089511104092455e-01
-0.000000000000000000e+00
-0.000000000000000000e+00
0.000000000000000000e+00
2.957801738808430447e-01
-2.926890085604723080e-01
-0.000000000000000000e+00
-0.000000000000000000e+00
1.270886791181587427e-01
-0.000000000000000000e+00
-0.000000000000000000e+00
-4.317953835356808101e-01
0.000000000000000000e+00
0.000000000000000000e+00
0.000000000000000000e+00
-0.000000000000000000e+00
-0.000000000000000000e+00
-0.000000000000000000e+00
0.000000000000000000e+00
-2.746919902597088625e-01
-0.000000000000000000e+00
0.000000000000000000e+00
-0.000000000000000000e+00
-0.000000000000000000e+00
-9.716439621454853182e-02
-0.000000000000000000e+00
-0.000000000000000000e+00
0.000000000000000000e+00
-6.519193667627308508e-02
-2.901649872099903993e-02
-1.662449356337550588e-01
0.000000000000000000e+00
0.000000000000000000e+00
0.000000000000000000e+00
-0.000000000000000000e+00
0.000000000000000000e+00
0.000000000000000000e+00
9.990174468288034321e-03
0.000000000000000000e+00
-0.000000000000000000e+00
0.000000000000000000e+00
-0.000000000000000000e+00
0.000000000000000000e+00
0.000000000000000000e+00
0.000000000000000000e+00
-1.151678641863532887e-02
-1.108686632626169483e-01
-0.000000000000000000e+00
-0.000000000000000000e+00
-0.000000000000000000e+00
-0.000000000000000000e+00
-1.999207974935233445e-01
-2.033305103242896428e-01
0.000000000000000000e+00
-0.000000000000000000e+00
-0.000000000000000000e+00
-0.000000000000000000e+00
0.000000000000000000e+00
0.000000000000000000e+00
0.000000000000000000e+00
-0.000000000000000000e+00
-0.000000000000000000e+00
-0.000000000000000000e+00
0.000000000000000000e+00
0.000000000000000000e+00
-0.000000000000000000e+00
0.000000000000000000e+00
0.000000000000000000e+00
1.638386160298707928e-01
1.613171755409415487e-01
-0.000000000000000000e+00
-0.000000000000000000e+00
-0.000000000000000000e+00
-0.000000000000000000e+00
-7.252224573095120141e-02
0.000000000000000000e+00
0.000000000000000000e+00
2.890642167845179911e-01
-0.000000000000000000e+00
0.000000000000000000e+00
-4.801317400709949335e-02
-0.000000000000000000e+00
-0.000000000000000000e+00
0.000000000000000000e+00
-0.000000000000000000e+00
-5.380098640317842323e-02
-0.000000000000000000e+00
-0.000000000000000000e+00
0.000000000000000000e+00
0.000000000000000000e+00
-0.000000000000000000e+00
0.000000000000000000e+00
1.800541049898500001e-01
-0.000000000000000000e+00
0.000000000000000000e+00
-2.063589076779474285e-01
-1.007470765735367785e-01
0.000000000000000000e+00
0.000000000000000000e+00
-0.000000000000000000e+00
-1.585091144630441928e-01
0.000000000000000000e+00
-0.000000000000000000e+00
0.000000000000000000e+00
3.581169208099169166e-02
-0.000000000000000000e+00
-0.000000000000000000e+00
0.000000000000000000e+00
-0.000000000000000000e+00
-0.000000000000000000e+00
-2.655546230393474594e-01
0.000000000000000000e+00
5.797553419253714813e-02
-0.000000000000000000e+00
-0.000000000000000000e+00
2.741414070721281404e-01
-0.000000000000000000e+00
1.751602871151653473e-01
-0.000000000000000000e+00
-0.000000000000000000e+00
2.246981317185123561e-01
0.000000000000000000e+00
0.000000000000000000e+00
-4.226957292461216986e-02
0.000000000000000000e+00
0.000000000000000000e+00
-0.000000000000000000e+00
-4.826343098832076850e-02
3.055445699746901500e-01
1.648275946378070234e-01
0.000000000000000000e+00
-0.000000000000000000e+00
0.000000000000000000e+00
-0.000000000000000000e+00
0.000000000000000000e+00
0.000000000000000000e+00
-0.000000000000000000e+00
0.000000000000000000e+00
-0.000000000000000000e+00
2.820845260645563624e-01
0.000000000000000000e+00
0.000000000000000000e+00
0.000000000000000000e+00
0.000000000000000000e+00
0.000000000000000000e+00
-0.000000000000000000e+00
-0.000000000000000000e+00
-0.000000000000000000e+00
0.000000000000000000e+00
-3.450024489324964305e-01
0.000000000000000000e+00
-4.802302008235030673e-02
0.000000000000000000e+00
0.000000000000000000e+00
0.000000000000000000e+00
0.000000000000000000e+00
2.456217978961400539e-01
0.000000000000000000e+00
0.000000000000000000e+00
0.000000000000000000e+00
-0.000000000000000000e+00
-0.000000000000000000e+00
0.000000000000000000e+00
-0.000000000000000000e+00
-0.000000000000000000e+00
-0.000000000000000000e+00
-0.000000000000000000e+00
-0.000000000000000000e+00
-0.000000000000000000e+00
0.000000000000000000e+00
1.816972059935008099e-01
0.000000000000000000e+00
1.524934700304285962e-01
-0.000000000000000000e+00
0.000000000000000000e+00
-0.000000000000000000e+00
0.000000000000000000e+00
0.000000000000000000e+00
-0.000000000000000000e+00
0.000000000000000000e+00
6.222602853782209509e-02
3.497924061899866932e-01
0.000000000000000000e+00
-0.000000000000000000e+00
-0.000000000000000000e+00
0.000000000000000000e+00
-0.000000000000000000e+00
0.000000000000000000e+00
