-7.335822484152689782e-01
-5.582855344406876252e-01
9.069093710711344514e-01
-4.190330953971643790e-01
2.588584304570356043e-01
8.923612771898525864e-02
1.735824600783546501e-01
-5.631388997989028589e-02
-9.701458138804077702e-01
6.798166873499489338e-01
-3.250122971031570440e-01
4.033052473951916905e-01
-6.390532482910877832e-01
-1.704962379980086151e-01
-9.375232860157467485e-02
6.104577340570667143e-01
-9.994120821982588332e-01
1.700099025478427617e-01
6.503624912386176682e-01
-1.601077880203154447e-01
-2.462716784790794922e-01
-9.974178866109266739e-01
2.709558117899861784e-01
5.892585148331603850e-01
4.321279201147087967e-02
6.828354494273300990e-01
-8.751291861021095464e-01
-7.450052338519972395e-01
-5.502945561439931410e-03
1.909512838584348504e-01
4.408628031677890302e-01
3.453501762519088913e-01
5.268769747783630386e-02
3.221203573875948134e-01
4.840658304895710806e-01
-2.423868439828529286e-01
8.187102739782134986e-01
5.472712096497107659e-01
1.559441335393543238e-01
-8.059731282894473381e-01
-2.970454850482768805e-01
-4.209661739734440467e-01
7.326026080405334540e-04
-7.661699192109856504e-01
6.074340396478961068e-02
1.398922428041298183e-01
-7.958281773990671937e-01
4.592001651644692650e-01
-3.799714414910060345e-01
3.101380060414882234e-01
2.379210718748705489e-01
-2.693819720721091215e-02
2.598547550764052083e-01
-9.410521146213226551e-01
-4.284248250343309916e-01
3.075627148328052840e-01
7.457411539633551634e-02
-4.190724821752445095e-02
-6.309939990583288694e-01
6.998533496952057398e-01
8.244922475143667828e-01
2.025341628585666243e-01
8.434080706923430260e-01
1.551672000769042103e-01
8.277312066626452136e-01
-9.481825534445225134e-01
-4.233357542542830476e-01
-3.167565402546703712e-01
7.782037971042898850e-01
7.929390031264393901e-01
-3.061737727553477395e-01
2.365947403628327894e-01
3.598013898015848255e-01
8.564544979982167128e-01
-7.150666195838186745e-01
-6.825376337619704081e-01
-5.310601561680901028e-01
2.632452769520297053e-01
-1.163128898260832322e-01
-2.424017543116170348e-01
2.714010321789699365e-01
-1.336727666475159282e-01
-2.377953815503233148e-01
-4.152321218898782362e-01
8.638290523471536808e-02
2.089729830156514812e-01
-5.077141287452850982e-01
-9.770401950267904034e-02
-2.050504076537185139e-01
-5.645628708133543228e-01
-1.274307886455494643e-01
5.787790405577064590e-01
9.060357417287316917e-01
5.811738862596091959e-01
4.758106456795416772e-01
-4.040720095149152868e-01
1.265265347739201740e-01
-7.614190978848309754e-01
-9.536277785596158907e-02
-8.337739193462787579e-01
1.820290445483681019e-01
-8.935024518831031770e-01
-1.470510150643311587e-01
3.968954846040424478e-01
-7.634883949067059472e-01
9.532312415786141635e-01
-4.656290364513013813e-01
9.214410735497340355e-01
-6.970326337124290728e-01
-6.561368270767362620e-01
-3.921057791871869203e-01
-1.799979367913140393e-02
1.055347853688131110e-01
9.676686180621865141e-01
-2.432364142967355924e-01
-8.206122413093173140e-01
-2.750373855846384163e-01
4.528856318618701415e-02
-2.333979712993232702e-01
-7.281914525953732120e-01
6.548148761834968745e-01
2.336740444094589364e-01
-2.913283120845004959e-01
-8.148572166680698725e-01
8.313788297635849034e-02
6.050578753055471104e-01
-2.865923835613459758e-01
-1.415355927392674129e-01
-4.399126504456076781e-01
-5.772940008554410252e-01
-9.800754885065432465e-01
4.639001343545086087e-01
7.865080304220757323e-01
6.603408385421885018e-01
-5.093655786131190411e-03
-6.641950367971349856e-01
8.650412519381189824e-01
-4.261187055365796006e-01
-6.399640170382299154e-01
-9.842495903436634386e-01
8.934833322333679551e-01
3.224863855396995493e-01
-8.146310642054865880e-01
-5.536312796222060406e-01
-6.895205651011286907e-01
3.564599413649973680e-01
7.640515250682300419e-02
-4.328622637782013616e-01
1.498176260424928241e-01
-6.786730008809001014e-01
-7.706413413796660006e-01
8.450461240675848362e-01
9.342668777784566281e-01
-1.182119386468554190e-01
-6.647658827311553331e-02
1.039432837581797386e-01
-2.205116464281386968e-02
-5.613814917887505196e-01
2.877049970307923310e-01
-3.909745071131272010e-01
8.158601474145130705e-01
-3.551805403961076912e-01
-8.932874862493573875e-01
2.179496375316274381e-01
3.864812883436652413e-02
-5.777142314242533772e-01
7.365363659219508197e-01
1.646539976168235331e-01
-7.250949157917712107e-01
3.361075377627262828e-01
1.709819218966774912e-01
7.549891125319694307e-01
1.833845716502149337e-01
6.641022150424205073e-01
-5.482944754406831045e-01
-7.445831171920622715e-01
-1.678992086809159012e-01
-3.310221675450093493e-01
1.514818122656971244e-01
-7.699243945373757114e-01
-6.160512210177295778e-01
-1.482313513304818198e-01
-9.839162637004315037e-01
8.376736672259217364e-01
5.180303993566741649e-01
-8.194049949041433134e-01
-9.057516597943671144e-02
-8.700796887948085701e-01
1.190132656678755119e-01
-8.801961171883700974e-01
-5.717386758190532436e-01
6.755954980846659019e-01
8.363425081474173961e-01
-6.610640984709201806e-01
-2.818695719435562186e-01
-5.149545450907366817e-01
-4.227506877476416847e-03
-3.576191668388291056e-01
6.167856678786507452e-01
7.604375803171676829e-01
-3.028579469124286216e-01
-4.253125771680934530e-01
7.637759305405140697e-01
8.964702443119214603e-01
1.302315513233498478e-01
9.143560531824515003e-01
-3.834891275757106310e-01
2.470966438937542975e-01
4.756876410762915786e-01
9.805916245907215778e-01
6.655262424665786547e-02
-2.158477175280002491e-01
-5.730098375823577950e-01
3.894031430383975145e-01
-3.663144275763881019e-01
-9.563323368392742108e-01
4.518604981041907109e-01
4.614211507655949784e-01
-3.266491289914115193e-01
5.922438467168282816e-01
7.091843180020249715e-01
7.788451890991014981e-01
-7.750521095443509978e-01
-9.706162897244841048e-02
7.094501031862321394e-01
-9.203138831725705682e-01
-4.315955457843201337e-02
7.731447400784838830e-01
-3.714871948897582321e-01
6.283361806771639024e-01
-3.237325106043817957e-01
-3.800938525015593594e-01
-1.436921943159099602e-01
4.690897476384841003e-01
-9.614814303102896531e-01
2.898112847291893779e-01
-9.906117541147430039e-01
6.112932517792686316e-01
2.222519987443962730e-01
-4.990679667233499650e-02
5.252756629188122250e-01
-9.411917775137301767e-02
9.069300712722738744e-01
4.481352625238932408e-01
2.864573485305461631e-01
-4.090769475569995262e-01
-2.151342098746302778e-01
-3.640170796213972881e-01
-4.942470370400129376e-01
-9.874953691760255392e-01
6.225665021609603222e-01
-9.825774629270234151e-01
2.050041590455766727e-01
3.891751595502295213e-01
6.454567990914250597e-01
-1.899755581221715950e-01
-5.888866590955199598e-01
3.654732741370816385e-01
-9.328555608680526579e-01
6.779476679605624945e-01
-6.309381036093340001e-01
-7.984506835725553309e-01
8.685318478355712468e-01
-1.521566210940938912e-01
7.000718696155723286e-01
