5.480777035869861535e-01
1.971600596959698914e-01
1.746973777867642519e-01
5.092836177156923050e-01
-5.019040814042645682e-01
-2.431424132541169236e-01
-2.800808106912062168e-01
3.285145067587926793e-01
-5.431871799523319000e-01
9.062034946196638463e-02
-5.251764178892856516e-02
1.268764335960385070e-01
4.244771264888989870e-02
-4.737515187880328993e-01
4.173719275791555883e-01
-1.990315334974939732e-01
4.601331291696757197e-03
-7.262735747168602707e-02
4.395801704139774557e-01
-4.562436317537538200e-01
-1.301233459267409909e-01
1.301062888646594695e-01
2.968164443890156101e-01
2.703426090479391086e-01
-4.188674354146406653e-01
4.689762475780111517e-01
3.232738598256333640e-02
-1.724378132809983588e-01
3.836900914545503527e-01
-2.126974467353762166e-01
-2.635704864083036614e-01
5.869812853618767701e-01
4.381321989180667620e-01
-2.179322481949732826e-01
6.722802992334632188e-01
5.035785224229385459e-01
2.500260552983227802e-01
8.489349129531779947e-02
3.622204514018116939e-01
5.982663372796312440e-02
7.152045843693443095e-01
3.875820674370665242e-01
6.560451141506898898e-01
1.093839074564525726e-01
-4.355684235272783700e-01
2.346077118600726763e-01
-3.096456266171632166e-01
4.361507031199862161e-01
-2.665788842485568577e-01
-1.294765559308557190e-01
7.808407198214900591e-01
8.661216384147079825e-03
8.137751971659500372e-01
-3.554722362608664366e-01
9.869400170977876696e-02
-4.790867233071412212e-02
-3.095710824428730690e-01
-1.655646798020822263e-01
7.204365565263872728e-01
-6.387503370941198799e-01
1.151438722591106856e-01
-3.596724826488351123e-01
-7.843894247053858626e-01
-4.555668253509976284e-01
9.798168077473784487e-02
4.133420838120179241e-01
-2.582056456023738011e-01
-3.364028815214984980e-01
-9.245584988265350690e-01
-1.377659230958777903e-01
-2.029326601424067400e-01
2.647510367563123412e-01
1.258059281057805345e-01
1.461776012654336654e-01
7.152326588608168834e-01
7.111604528760796518e-01
1.222236551993683973e-01
-2.711416350937476683e-01
3.404602009582408106e-01
-2.924668090587918545e-01
1.409705561104937221e-01
1.176232563140701681e-01
3.434559329819699136e-01
6.689219704371591746e-01
2.566887701698798985e-01
6.298282932114057653e-01
-2.955441124680781018e-01
-2.683125951872424864e-01
3.153425854495019443e-01
-1.552460762557871660e-02
6.331226501660404127e-01
-3.683886770125796573e-01
-5.094094134161032406e-01
-1.597966132118140981e-01
6.904385918167924019e-02
-6.524679947080375131e-02
3.979586714249912505e-01
-4.923701673485102459e-01
-2.557567809170461226e-01
4.257952675898817874e-01
-5.790730885339858691e-01
3.647106496347022886e-01
-5.312727173301462491e-01
3.767783468843875494e-01
2.124567456666281717e-01
4.796291884030935981e-01
-6.238488577079427388e-01
2.696796497522139791e-01
2.192523432345807113e-02
-4.701519616177061156e-01
-4.013735369923614460e-01
4.449925487518489597e-01
-1.035191073250751603e-01
-8.109005010384809364e-02
-7.403703017258230767e-01
1.066835487309131386e-01
1.634390488404283415e-01
2.165573293958947820e-01
-4.293184095133154576e-01
1.153912952576460899e-01
-4.355599517365261741e-01
-8.301014711919338374e-02
-7.689916840750739002e-01
-1.996366079022402484e-01
5.543101190688545232e-01
-2.639715875332949713e-01
3.210209491818830085e-01
3.021870089285050298e-01
7.558729656275011699e-01
-5.524761220716415400e-01
-1.219901141084110824e-01
3.296454016032261680e-02
1.268822512736064723e-03
-4.579571923459311300e-01
-2.432573009539445302e-02
-3.256759581323274144e-01
-3.032211180432677344e-01
-3.767096037906279560e-01
-3.628207021398430765e-01
3.406496261419504346e-01
4.029373419311254589e-01
2.999199519245568935e-01
2.230335758648286371e-01
-2.220426828236791716e-01
-4.954649167356466322e-01
-8.061735042214569491e-01
-4.901899952809722905e-01
4.218984928669838319e-01
3.717852750134432727e-01
1.497589153809339435e-01
9.352028675359264076e-02
5.941690619900659165e-01
-2.913737473323359251e-02
-1.142479076736238192e-01
8.459001822882958321e-02
4.125351919656967126e-01
-3.673062021445162584e-01
-2.953839620813908939e-01
5.706258253070440878e-01
-1.763228350730932370e-01
1.451675510018409221e-01
-4.145024996672407869e-01
3.246308934277569724e-01
-3.762218243599936562e-03
-4.152821732102303098e-01
-7.502592157566071451e-01
4.693661257829370159e-01
-1.773201933408453668e-01
-2.296518787391307048e-01
-3.781854303527747152e-02
2.186332063315342134e-01
4.160391137129985928e-02
-2.019908608524318208e-02
-5.643414409665192116e-02
-2.592439942291857036e-01
-5.797496129913712881e-01
1.473963322171931156e-01
-2.690452157202038452e-01
-8.339718535797941978e-01
3.651980178199007443e-01
3.689290785716167198e-01
-3.885585668959618544e-01
-5.758680680880661207e-01
4.578685951706532031e-01
2.512942742579978850e-01
6.052422819984752955e-01
-2.172543760136192159e-01
-8.129051417412591629e-01
-1.574913789389509322e-01
-5.268048168462184933e-01
-1.793406649472507886e-01
-2.676309346058873551e-02
-2.097938470375529038e-03
1.552146341576343125e-01
-1.457791705052030873e-01
1.291552436737437512e-02
3.861585929438096643e-01
3.555130798257745695e-01
6.734506781080242810e-01
-1.352545470199835176e-01
6.024717743282239635e-01
4.938845929880623098e-01
6.334322452427851857e-01
8.181186361883115987e-01
-3.215400845781568595e-01
5.693366003255817542e-01
1.978302954005694003e-01
8.118594700791487151e-02
7.112698634287702992e-01
1.466972148393484998e-01
3.231219927308678352e-01
1.468659439314607129e-01
7.314203271814074814e-01
3.819024158395332158e-01
2.306078749398315086e-01
2.647478704735258814e-01
-2.415870468964957385e-01
1.585977633845038759e-01
2.043236656923856365e-01
-3.255314217259877574e-01
-3.332908310800224427e-01
-2.740557606571353277e-01
5.374904972755073507e-01
1.927017618823239076e-01
-3.134690608882666485e-01
-2.145278850804520354e-01
7.250554055368595152e-02
4.727074859541311458e-01
-1.038709535736939971e-01
3.776591857299835264e-02
4.584127092829189953e-01
2.684027415208856682e-01
-4.552920737493468817e-01
-1.330275344386741831e-01
3.385946526835776904e-01
7.566327676233624011e-01
-8.326640638539895001e-02
-2.559347077936207152e-02
4.570588286684124091e-01
-2.334102814906080514e-01
-7.712625692888706030e-01
-3.405742632266571535e-02
2.381944535233249949e-01
2.624346208307734019e-01
-3.259858748739779544e-01
-4.960874595858336122e-01
5.174443604822823728e-01
-1.640963980116363630e-01
3.554503272907538758e-02
1.862665839542334001e-01
-1.784634772423211169e-01
-1.992535765904829836e-01
4.311288092824406837e-01
4.714480817737375373e-01
1.868647567207863958e-01
-1.135737336835962452e-01
2.364793411625440711e-01
5.954689546534761568e-01
5.361592404338256790e-01
2.868353279417185098e-01
2.581526019331024657e-01
-7.937375402632634858e-01
2.334485064264817389e-01
7.194144856145456846e-01
5.427756655503198496e-02
