-2.255655327692424050e-01
1.251621009924240302e-01
5.337792797964228120e-01
-2.719184433915661780e-01
-6.947888481113712045e-02
1.233759895833743542e-02
-6.266909468968044905e-01
-1.741347192130950627e-01
-4.228177880059657556e-01
-7.899545243114702853e-01
4.283941450574068055e-01
4.407964500221122489e-02
1.964852430745908096e-01
-3.378681744414946397e-01
-6.868443306185689767e-01
-1.790967665489170968e-01
2.620067798237292744e-01
-1.639243446966151263e-01
2.855109929140393077e-01
2.126679688357310249e-01
5.277215287744217720e-02
8.787659184367795084e-02
-5.577116085524029820e-01
-5.420714287507819584e-01
-1.124397692118405540e-01
6.911134512901133675e-01
-5.897705655863476615e-01
-6.915357200484540945e-01
4.821452395001551428e-01
-3.770058770015146110e-01
-3.191155172035655685e-01
4.429154757635918038e-01
-7.112927385380836132e-01
5.642894104089866136e-01
4.427751776654862970e-01
-2.831242034752050607e-01
4.676629005307378906e-01
-6.657624868333008594e-01
7.980798187640121555e-02
5.046667924967455088e-01
4.635356883932418293e-01
-7.808433634756071218e-01
-4.626774089079855878e-01
-7.684989393015989600e-01
-2.475326370655100416e-01
-5.235768500390598490e-01
1.657325061060799520e-01
3.604474633563569119e-01
5.601307850636380592e-02
2.056176632156707651e-01
6.247094458213839907e-01
7.860501564138411279e-01
-4.213140236057326127e-01
-5.148468297924051473e-01
-3.628913530516086339e-01
-5.547385087787180119e-02
-3.575203454619505505e-01
3.475814446874669200e-02
-3.063398058323985595e-01
-2.729678680884526365e-01
1.908053376245082144e-01
-2.861307000639684572e-01
2.855842152671243528e-01
8.079419652528212203e-02
1.417275839515168279e-01
-6.435075484706334059e-01
-4.289467641118199226e-01
-4.242189256842219258e-01
-4.365092599135770857e-01
-8.467023888552958899e-02
1.589112594123211555e-02
1.534190930593816102e-02
-1.029735403650782061e-01
3.191051661164480135e-01
-7.932282126582446483e-03
4.903347030772843562e-02
-1.671892338335182193e-01
2.431117980242299484e-02
-7.434458540128912052e-01
4.381519673342736398e-01
2.676031339622935157e-01
7.046587073307991611e-01
5.012395293572358135e-01
-3.872659729664957307e-01
-6.613180606777347981e-01
5.734057010902685741e-03
-7.085141884594324813e-01
6.416323351149416654e-02
6.930675034884402341e-02
-1.097969467490141071e-01
1.495929147691316963e-01
-6.086306420452591848e-01
5.234841302986005251e-01
5.454383507223912325e-02
4.329296385350860088e-02
5.281918252099815358e-01
1.741391424958660394e-01
1.492789134429376996e-01
-4.092192593309724735e-01
7.676791229126168625e-01
-3.025395094384467076e-01
3.452289258597262545e-01
-1.141002995374356399e-01
-5.206727686200396388e-01
3.516166878654006789e-01
-4.005190816507712692e-01
-4.313905412626808378e-01
2.448452876863036476e-01
6.075480893542677396e-01
7.626741657547616571e-01
-4.314924925809621170e-01
4.820746150417056786e-01
5.038434131711211350e-01
-5.927010285822806868e-01
-5.483323434042453037e-01
5.730662564854661634e-01
-3.224390465931371019e-01
3.407274974367360265e-01
7.061792606882536516e-01
-4.909163616383184769e-01
-9.769063305606383307e-02
-5.811532647001096397e-01
-3.452136300581634676e-01
3.488025685547899851e-02
-3.922648998393831743e-01
-4.853348324795416224e-01
-9.201385281480368994e-02
-3.143750188998548634e-01
-3.447185379276166972e-01
-6.605802113193961489e-01
1.391693162622094360e-01
1.346723607098232467e-01
5.668929099149307982e-01
1.472644918806479963e-01
5.196439445096686649e-01
-7.762593877551278165e-01
6.405438522047970373e-01
-7.583188146281241160e-01
-4.528191406858497192e-01
5.838441219360345213e-01
-7.045694591839032350e-01
1.827995384605055063e-01
4.839531585824929233e-02
-6.443546182433483871e-01
-1.218119345526187808e-01
7.204640390442100528e-03
3.654323187007742502e-01
-2.477274278034025112e-01
-2.923012187586024324e-01
-1.701387286295331647e-01
3.608396029871941413e-01
1.789286895958829560e-01
3.935502823468121220e-02
4.846164058762412186e-01
6.696643098888663825e-01
-5.869326934074686752e-01
1.671451751675991915e-01
7.397827710600944906e-01
-5.183768096557653249e-02
4.297135869081757098e-02
-4.476958178205509009e-01
1.945216656191266491e-01
-4.902324401060144110e-01
-5.683511887248479111e-01
3.133217012739804574e-01
5.103343781537082735e-02
7.377310181908425246e-01
-2.943439482366372872e-01
-3.506692236441751043e-02
2.623364357923117507e-01
4.409332252862522283e-01
-1.403098171892289969e-01
2.796365824218333129e-01
-8.824107747743509256e-01
5.019355018791925582e-01
-5.410985530041294983e-02
1.399343939482847743e-01
-4.211711002562040784e-01
-1.444446781271075952e-01
5.154235840790857281e-01
6.601797807264637719e-01
-2.357613852158198797e-01
-5.028959322806236809e-01
-3.905620813832768601e-01
7.231426237173579907e-02
2.128234009675472049e-01
-6.829546720705518270e-01
2.601739686136780860e-01
-5.522163254733204463e-01
-1.036382585199107642e-01
-6.024457366685448401e-01
-6.203334700416897052e-01
1.378973621365968405e-01
4.117370136277244685e-01
-6.465028805518191479e-01
3.182645896768320215e-01
-4.015298478416725048e-01
-5.952788110782623043e-01
3.451378238929562192e-01
5.230860227754555725e-01
5.477038437765641143e-01
2.577834994164891480e-01
-2.235017965847275467e-01
-6.452032752574014297e-03
3.112892330708844635e-01
-4.913288246251363289e-01
-4.057287252006645528e-01
1.109774948816277529e-01
-6.530868814120541210e-02
1.166333694975520835e-01
-3.412430112420329342e-01
-4.335943647763771391e-01
6.902201326869742415e-01
-1.138034712504960577e-01
-5.056728173492958112e-01
-4.201145068474964051e-01
2.749622705680488943e-01
3.352341453311707964e-01
3.298729868638568541e-01
-2.433358877228967709e-01
-5.406542544445595011e-01
-4.455634811093784342e-01
-2.498264130403621275e-01
1.234978774971654536e-01
5.301507700399896161e-02
-6.572328909682900733e-01
-8.330555779289380847e-02
-3.079610001710098022e-01
5.285210716057611169e-01
5.777571417492185502e-01
-2.446335815913777412e-01
2.070116042197364115e-01
1.482752930540255643e-01
-3.689799883167804162e-01
3.185902395445250890e-01
5.655403563444871828e-01
-3.006287922112849675e-01
-7.423464684286564808e-01
5.008852910173854367e-01
4.445714731860599817e-02
-4.032236895964323997e-01
4.356922804708908137e-01
3.013030780474423298e-01
2.400656881284245481e-01
1.502216087791196641e-01
-2.447448465410699270e-01
-5.959183861457180154e-01
-2.020437013498399548e-01
1.232043544044166689e-01
-2.981886194020181291e-01
-2.605613437213954997e-01
-6.025366568482870555e-01
-5.603826640194131681e-02
2.911296271066600161e-01
3.417253170980084076e-01
-2.897601214609750730e-01
1.418567924127417113e-01
-1.595311353933957788e-01
-5.079813762002053368e-01
6.460527174322332478e-01
-1.960354561651689309e-02
5.493894815101123541e-01
5.869703107762980210e-01
3.639788214911827691e-01
3.618345066738631322e-01
