-3.243805316838605513e-01
3.227400937825819494e-01
3.294404527799244531e-01
6.262389711717769591e-01
-6.323230380664224271e-02
-4.636632759832285400e-01
1.016661469221439296e-01
3.475312500076173094e-01
-1.932840271485919970e-01
-2.810071442804108477e-01
6.915873812350881167e-01
-4.594502620413041388e-02
3.960318166554589459e-01
-1.584522449966086766e-01
-1.983376552632286072e-01
8.462614282430129808e-01
3.244323180349831803e-01
-3.524935035134818540e-01
7.357852638351961572e-01
-1.808165005297833194e-01
4.069824296402557162e-01
-1.259562907405264165e-01
-8.237352069803028920e-01
1.682750952613739914e-01
3.142995567632094200e-01
-5.011191297597474836e-01
3.207656386492263034e-01
1.214900859255155507e-01
-2.466220179674425972e-01
1.893379936504299699e-02
-5.415883815199182966e-02
2.595336068139208474e-01
-2.480894924103609067e-01
3.735471609154188410e-01
-5.343967302892778104e-01
-1.474527038632755527e-01
-7.718454506975581664e-01
1.509477039248926511e-01
-4.744085347729778412e-01
5.344023444562473468e-02
-5.334929330356876775e-01
-5.971410741938214528e-01
-4.161374434771830666e-01
-4.349311849733450419e-01
-3.080637939035196227e-01
3.009523608275972359e-02
7.916210370702276844e-01
-2.754441795106510327e-02
-4.027948307391052696e-01
2.845286043535516507e-01
8.884838546763911271e-01
-3.068019259655005437e-01
5.847443525798364794e-01
1.101470687798455916e-01
-6.075845311778036439e-01
-4.113778179531447088e-01
-6.056357161944621037e-01
-2.221287617665410052e-01
-7.171480469426121385e-01
-2.858304194062785131e-01
7.082976281674144836e-01
-6.296671360269122664e-01
-5.905740893341239472e-02
-2.707343441098541970e-01
5.933317467454672922e-01
5.940184689424502507e-01
3.069861402718476184e-01
2.604412709667587866e-01
8.516635857736567505e-01
-2.442311475190490078e-01
-9.072553943883057692e-02
3.574998094808971016e-01
-2.970008219368373559e-01
7.827357065490948562e-01
5.818812908605321965e-01
5.531570458679080371e-02
-6.417303426541270950e-01
9.840628196785273785e-01
2.667080928775589221e-01
-2.860112231645312378e-02
2.156705311749624598e-01
7.598380169655530869e-01
-3.602202360099988621e-01
6.389012520470682688e-02
-2.579442281924185232e-01
-5.121577901093670171e-01
-9.640432679620156153e-02
3.993705585781921474e-01
-2.854525658063881144e-01
4.425073314276526393e-01
-1.200595496493166575e-01
4.496258641158024094e-01
7.135425036360813766e-02
2.826621006007438985e-02
2.127371270779968848e-01
-4.721446783979912354e-01
-2.041696278094919381e-01
-4.065583482390764947e-01
-4.977480468329335828e-02
-4.002145369144394227e-01
-2.551465326263829825e-01
-4.809867489797001183e-01
2.246305996979922337e-01
4.516000552866898388e-01
4.626782717502394560e-01
5.272140910970115613e-01
-3.101447220344439870e-01
1.828706686494683264e-01
4.727322351122220656e-01
9.000074745972766466e-03
-3.980281097403017276e-01
-1.087550981309855641e-01
5.419609755564047671e-01
3.505938383095956179e-01
-4.781850012587727378e-02
-3.548705012473530873e-01
-8.363725741974252781e-01
-7.837765584191489499e-01
-3.274777545794557015e-02
-1.512713236297731911e-01
-3.155437864288007099e-01
8.096607267729512281e-02
-2.048352266941889932e-02
3.798545088520538515e-01
5.091454580117263928e-01
-7.734959807260364251e-01
4.053986866146638834e-02
4.505241885483659559e-01
1.210039513997617222e-01
-6.548964999496924566e-01
1.306050074819130047e-01
5.188671516284066865e-01
2.488825267950171838e-01
-1.957523134460674441e-02
6.050163381671214147e-01
-7.728687348542716551e-01
-1.504141555550363163e-01
1.481379515109117750e-01
-9.702334615885943592e-01
7.723399239871483468e-01
1.644538944507979439e-01
-4.500192859207803875e-01
3.108753072630928704e-01
-4.598763607853546820e-02
-4.445449611965952563e-01
9.367577295877513310e-02
4.681213370296987142e-01
1.253711896677453252e-01
5.915806426136802770e-02
-2.936222498539358683e-01
-4.638841603620884324e-02
-3.449024750738352019e-01
-6.244163253160190941e-01
-7.947543616198495808e-01
-5.529045173333398955e-01
-4.629314907819392366e-01
-1.940847633818105766e-01
-3.749645703833676680e-01
-9.824180380726008077e-02
4.917885189153542447e-01
-3.610448696860113493e-01
1.523198309868887268e-01
-3.611411843928843401e-01
-7.449833483391135047e-01
-2.015874754365709898e-01
-2.459520848500350576e-01
-1.545663385947941837e-01
5.130732911094145754e-01
2.546298199047363764e-01
4.488320066150175425e-02
5.688619166326299714e-01
4.741160111121263676e-01
-8.125959519583925150e-01
3.749080944823966477e-01
3.649582831561071217e-02
1.056304869151830361e-01
-1.148706328307636804e-01
3.452513993278727433e-01
6.870901424373687671e-01
2.451016099033271126e-02
-7.228365162822719681e-01
8.479396918902293301e-01
2.688321647316272434e-01
-2.275075983286410919e-01
4.832063809443110092e-01
-4.778994820306842195e-01
4.961157488787326653e-01
-1.135484944584445877e-01
4.733068963824982878e-01
-4.232057477441276694e-01
-3.006932281272390456e-02
3.240870370385859900e-01
6.383308399529801225e-01
3.293080041738530861e-01
1.192780357783773809e-01
7.537697944604258016e-01
-1.206158553652519477e-01
7.154195747144395656e-02
-6.494398671706352877e-01
-3.172671564738268613e-01
-3.632533111009062510e-01
-8.539705762312685411e-02
2.406016068255605322e-01
1.652496594840540678e-01
1.172722547255344444e-01
-3.114662861057928556e-01
3.619268330325637884e-01
2.852979544584629545e-01
2.545879292092066426e-01
3.566958375692670935e-01
-1.829824718328498523e-01
2.602555745730180670e-01
3.898390896173378750e-01
7.278011746547137228e-01
-3.126627581746663220e-01
-4.978409416661470077e-01
3.842123918129615456e-02
3.267402236678403904e-01
-2.452305074290352938e-01
2.468131204687820379e-01
-2.202084336629632488e-01
-5.359533444644817290e-01
-4.279640502678217634e-02
-1.756657509146517665e-02
8.061478365927670087e-01
4.772214495994647754e-01
-2.190293336970957072e-01
-5.190041899051280883e-01
7.694097612570501010e-02
2.768082393231179328e-01
-9.444719775197691902e-01
-3.854485895781072369e-01
3.610323362146202752e-01
1.091965722532061978e-01
-2.550930527270914849e-01
-6.664961482717585151e-01
-7.061164295924557410e-02
-6.284694589668819997e-01
1.743165170836567801e-01
2.369565685191717397e-01
-1.787681044987783352e-01
2.967131003875816964e-01
1.448210707138278541e-01
4.312843012074709659e-01
-1.839437768089394187e-01
-7.009937773868248068e-02
-3.777332555239564238e-01
-6.163149968059637995e-01
-4.216973627818261516e-02
5.104538382452331047e-02
4.539341950109235940e-02
-3.278200642623456673e-01
3.072819649326699043e-01
-1.609929552539210718e-01
-4.273164281166775824e-01
3.441412410310927816e-01
8.269179531704602404e-01
6.665869642620821933e-01
-4.144296918227207693e-01
5.629165427834750268e-01
6.554387752949808466e-01
-3.772016113987085584e-01
-7.196116593477254464e-02
4.124406696520042104e-01
-5.066767592209897586e-01
