-6.674543536762121976e-01
6.070487220293365738e-01
-5.332974082887677325e-02
-4.976915782766923313e-02
6.697595230621800066e-02
-7.917925038996733722e-01
5.464689301834767532e-01
7.265990059633034015e-01
6.293803600051584013e-01
4.506563092600144316e-01
-1.504560433087629989e-01
5.435710247265440609e-01
-2.521050783411878382e-01
-2.112196887599055162e-01
-3.886568097681648570e-01
-3.795418900026001352e-01
8.614748631468166495e-01
-7.675005938873616929e-01
2.924228183317520990e-01
2.583027054069735873e-01
-8.194089973846092612e-01
1.954590190954211826e-01
-4.410144199409193333e-01
1.143555374014587483e-01
-1.882970000483913386e-01
7.493924891385168596e-01
1.242201994187446812e-01
-2.492994967063262290e-01
-1.182470354529373789e-02
-4.368006415456754388e-01
-2.118056115778770357e-02
-2.114923747804229870e-01
-3.812369094693892624e-01
-7.849438015670107127e-01
-3.286444917802180399e-01
-1.195099046650615754e-01
9.043865031486081341e-02
-8.240767835473521430e-01
-4.060871266602255059e-01
-3.407030704262180021e-01
5.908061701302259605e-01
5.247044775697734531e-01
2.088367148027440723e-01
4.472494744468523686e-01
-7.804815808832792079e-02
3.950411649660179880e-01
3.846090345030435675e-01
-7.432466931869055049e-01
-3.211843956768928865e-01
5.464639426455182303e-01
2.130700505725387495e-01
-4.082326157443263437e-01
4.176535305436154116e-02
-8.054089493019734869e-01
-3.316040987751234237e-02
2.310941399274271668e-01
8.962965302050206473e-01
-3.632186994565413385e-01
3.969625536465615223e-01
7.213775881743372809e-01
2.093864703552680839e-01
6.167401777428584975e-01
1.912492070737269179e-02
-8.452334500303497755e-01
8.101653599125663296e-01
-4.791971217777948877e-01
-8.791474690041596318e-01
-2.778537713434118261e-01
2.783806255916156380e-01
-4.178257403105292145e-01
2.271824054216437516e-01
-6.446101797136516431e-02
5.050027427971026661e-01
2.422647593675573974e-01
-3.240017030160555200e-01
3.218725286897616833e-02
-1.282968652448572278e-01
3.102721694670573793e-01
5.136581195644617237e-01
-8.242411290957931680e-01
-1.626233028913426359e-01
2.826455648091305006e-01
-2.012776065950815929e-01
1.008112778975883521e-02
3.407170095259703380e-01
-1.730524484148390496e-01
-7.465738015218299495e-01
-4.362602574184970550e-01
5.328498422598813844e-02
-5.570383145099886413e-01
-1.855603592638037092e-01
1.733760013734135796e-01
4.681514114404011773e-01
-4.538918552774791337e-02
-3.297067391669319392e-01
6.577092412727582049e-01
1.468091651576547974e-01
3.306237533297979314e-01
4.490204929305550707e-01
6.934065565546884136e-01
-3.054343045912931709e-01
-5.163822627382841368e-01
-4.401093807508756339e-01
-1.640565493886146919e-01
5.298767146295528807e-01
-2.792918668805260962e-01
-2.735189039228177466e-01
-7.321332135891144288e-01
1.630183044445570467e-02
2.205087875317805202e-01
2.441544639001600459e-01
6.701409276929041203e-01
2.554186187915212514e-02
-1.839275015121274726e-01
-5.984097079887472637e-01
-2.723926269270703360e-01
-4.836104261055799158e-01
-6.784389291407683098e-01
-3.263741400141903504e-01
7.977658644969951030e-03
-6.073186981900769998e-01
-6.814576816821046323e-01
1.487837408997775834e-01
6.559936260299630284e-01
-1.072641660319196277e-01
-3.172994942858370360e-01
3.649720551960599635e-01
-4.607838947785970474e-01
1.484425013935322668e-01
4.381425774738908346e-02
-6.326344231177964961e-01
1.216056755220109170e-01
4.261788918675494808e-01
-2.330078744341332886e-01
-4.223528379055376258e-01
-5.907696892908654851e-01
6.943372342985255630e-01
5.881334522123085051e-01
9.129890261428534881e-01
5.114561767311474050e-01
8.763647275941441883e-01
-2.633951841739957112e-01
5.503900292650316661e-01
8.185036795509879060e-01
-3.009354945449641550e-01
2.161292408996824677e-02
-5.199923347553411235e-01
3.516345280177162747e-01
4.400293487365668499e-01
-3.828573696706267238e-01
1.605706745679866820e-01
6.959956054509879309e-01
3.692209169683833836e-01
6.204513218890347348e-01
2.742941446001746775e-02
7.776474826154486930e-01
9.094925015109891486e-01
-8.145013238243557774e-02
-1.184633038912095843e-01
6.755082977313193737e-01
5.826526550816033545e-01
-4.658882114105835082e-01
-5.549305926491364671e-01
-5.256601219841317008e-01
-5.224071149335299813e-01
6.894442953419948061e-01
-6.426500728958629560e-01
-4.031839354943297371e-01
-5.227542861399140373e-01
8.601113745161731439e-02
-7.828138276942891993e-01
-2.533680768245144543e-01
-8.187705624460292486e-02
-1.238291373856746369e-01
-1.982910256430469587e-01
2.839055956312013240e-01
6.707242940022615230e-01
-6.730960067247064860e-01
1.069260779840083275e-01
5.949761627541505504e-01
-8.201141420210695809e-01
4.639826147935244283e-01
1.568249434014163390e-01
3.552477028573101103e-01
-8.321131466798519227e-01
-1.614693380372773934e-01
-1.465401782215521864e-01
8.289766050926854202e-02
-6.292289350630443368e-01
5.387955670755962823e-01
3.568482949364570334e-01
3.756798800345844125e-01
-4.220654672286791032e-01
-5.513256946877119757e-01
-2.266120158980009791e-01
8.542861950690541772e-02
2.970425877769471978e-01
-3.362610826132893527e-01
-4.623425049227222194e-01
-7.276487865561398483e-01
-1.669803354547488294e-01
-3.653496905910975645e-01
-3.759554375847612984e-01
-2.544705728745570994e-01
-9.703217941952273495e-01
-5.159509346307283861e-01
-2.882404628577087680e-01
-1.599968837773480534e-01
-4.078905269147249379e-01
6.552850587205661936e-01
-4.105701597033165617e-01
-2.009809013606426720e-01
2.233022932229177526e-01
1.606022671571755711e-01
5.293133003223242650e-01
2.948764064406032004e-01
-3.623248308313597454e-01
1.302791114770814607e-01
4.716116196299808827e-01
4.244192140472718977e-01
3.256443563614350167e-02
5.229427378283509897e-01
3.228829193195262293e-01
7.500871417991955559e-02
3.561133351215193810e-01
1.672359832294864901e-01
-1.490617172328307857e-02
-2.177509096727198723e-01
-1.057997625585102575e-03
1.965085857367828148e-01
-3.639073671327177628e-01
-7.772552437351576415e-01
-1.034884806496920995e-01
-2.402107328973560052e-01
-1.054348507386751871e-01
-9.310252602852525650e-02
1.105879156495947618e-01
2.599857956128284742e-01
8.564597273054505022e-01
-2.826326281557318687e-01
-8.458309402557528944e-01
3.909906583664963797e-01
9.398447101661385750e-01
2.051575924320055838e-02
-3.321848266576459818e-01
5.797099041915353412e-01
-3.814417778506056789e-01
-2.858352438894331757e-02
-1.776661197047059160e-01
5.074645312459948043e-02
-7.246439492511840275e-01
3.577244475358930254e-02
-6.439620484606065620e-01
-7.222624996482934767e-01
-3.863590264531248653e-01
-6.100429407275871352e-01
1.582600845362138187e-01
-6.339954843409298935e-01
-2.317530240219745630e-01
-7.096696677395888386e-01
6.040213535452702009e-01
-1.327490521417114266e-01
1.940397282165216564e-01
6.667636876449181127e-01
-3.692296139588686632e-01
