1.602162298825274833e-01
3.677319240545341983e-01
2.477211262984126416e-01
-2.574974120112254461e-01
3.386629575276385307e-01
-6.581144389596540467e-01
7.796184997956620011e-01
-6.085937784038675247e-01
-2.865234048038132197e-01
-5.829996688096273916e-01
3.196438756749617749e-01
-5.117881113624976885e-01
4.817649203398915447e-01
2.612117378278911994e-01
-2.741264199253866107e-01
-3.529623598329618972e-02
-6.001770587026284964e-01
-3.873211884459896170e-01
1.108076502387951717e-01
-2.719478882585379398e-01
1.047414706831476389e-01
1.087803927852023789e-01
7.298792033472651930e-01
-6.516674904188884954e-02
1.575326074452847447e-01
-6.755465011480161763e-01
6.242678952120195301e-01
5.989779139392832352e-01
5.891842539295438774e-01
1.855115530117025513e-01
-2.070978036729795024e-01
-3.624232989548835659e-01
-4.410569539004598472e-01
8.862097163365088015e-01
-3.775322696750495477e-01
1.989557499581172950e-01
-1.791787271166141449e-01
6.759012991626456301e-01
6.376795187003393428e-01
5.152900891376706038e-01
-3.916863610179614485e-01
4.240959811575288341e-01
-1.343828472685247299e-01
5.407496020989508434e-01
-5.485184478385254914e-02
9.528437123677115095e-02
3.203764778825477499e-01
-6.921874563606456032e-02
1.720363572521578788e-01
-5.512972853400592843e-01
1.946015356439302346e-01
-1.275894246980727731e-01
-5.001373555288569639e-01
-1.091002819611749525e-01
-2.531498389369771229e-01
-2.109410598104081991e-01
4.666012055362135369e-01
3.020951246658087896e-01
5.608604017868780156e-01
-4.349917976968455391e-01
5.122010598957261740e-01
3.972833024457709250e-01
2.364201920304178084e-01
-5.146137342668969383e-01
-9.683966760576151467e-02
-8.998974871492432248e-02
6.222311004601468465e-01
2.792755895922813258e-01
3.285027361616744968e-02
-2.191437624411160801e-01
1.156728960088846195e-02
6.482617691964683848e-01
-4.117841545794460878e-02
-3.006020590824420857e-01
-7.755120052402662001e-01
5.298454171337401153e-01
-4.001486265549666910e-01
5.566618485505906433e-01
-3.773768711000205500e-02
-2.888271649746484981e-01
-2.669595816602883809e-01
-1.956085413197702350e-01
-4.670938705672891267e-01
6.253912848897169585e-01
5.386429126482126239e-01
6.330353918465790874e-01
8.019281832209476657e-02
1.451407169579694845e-01
-3.047081314232679694e-01
-7.745909248111612078e-01
-1.011124732834324802e-01
-5.509992972257836685e-01
-4.431400073776139981e-01
2.711745943774359069e-01
-2.366445119329014246e-01
-2.818948613657636937e-01
-1.584219667660145547e-01
5.222354053334563040e-02
-3.085270646409582485e-01
-4.706069447680511497e-01
2.734571452683718928e-01
8.175618859036368757e-01
-5.021818673922316956e-01
-5.012415112857396826e-01
6.642836571193891926e-01
4.801077485643799325e-01
-6.745110742512848701e-01
-5.666289071050188975e-01
-6.666481865038449417e-01
-4.051727896648168459e-01
-1.158301633658313790e-01
-6.661456611803722172e-01
-3.653141624621312200e-01
1.110204801051491996e-01
-4.342364682360191908e-01
7.479135221835039316e-01
4.463434624101648707e-01
4.556979992403414337e-01
1.948151804866179448e-01
-4.645712832851973256e-02
4.300298760893855876e-01
-4.894531102243926957e-01
1.543029352957350497e-01
-8.104018670170104466e-02
1.777002082828350871e-02
-2.028449880042515197e-01
1.547105134501471913e-01
2.021708206050016887e-01
1.428541565903559685e-01
-5.684163931581495133e-01
-7.307729594251054506e-01
-3.591231087051398041e-01
-7.977357080919351695e-01
2.299907286441120191e-01
-1.778597445279236355e-01
4.218952611355261118e-01
4.599058596783550668e-01
5.190114200151250134e-01
1.274826351391577517e-01
2.099638403887885418e-01
1.811174226166348267e-02
4.886669868646825732e-01
-4.123259277809904200e-03
-5.983136836409324033e-01
-2.988421907306567094e-01
1.661580055719588667e-01
-5.705712845326267324e-01
2.294386485902815409e-01
-2.181633576715575340e-01
-2.451224649606308370e-01
-3.798439978758677005e-01
-1.495575811584836101e-01
4.510543977466001109e-01
6.773212945555207032e-01
8.274622658000874154e-01
1.941397424723227128e-01
-2.038316813631265989e-01
5.649789980190915717e-01
-7.381539250703476052e-01
4.243204696534012554e-01
-7.110619539017302149e-01
1.554200913403367412e-01
-2.785494224901377547e-02
-7.324691231096979172e-01
4.756250628554534732e-01
-3.421801569441913493e-01
6.320792094295939467e-01
-7.332945778434876161e-01
4.144633927838994314e-01
-5.121309249734908864e-01
-2.943587294913659891e-01
7.380622511797625407e-01
2.284529549408455817e-01
3.972066396680108413e-01
-3.553022542879354928e-01
5.076199894875633722e-01
-6.086146205594760161e-01
-9.241717496762083539e-02
-3.281805223853262454e-02
-5.374025529332803197e-01
-6.364730199624815121e-01
-5.201744700083321682e-01
-6.747763261342296648e-01
-3.465609336161746823e-01
-6.233897190106789665e-01
-7.226986419625505143e-01
3.920208872230491748e-01
6.786144285723766378e-02
3.047735261974586773e-01
4.945606405360239988e-01
3.969324201708188671e-01
-1.087868742450563697e-01
6.990803408848348388e-01
5.205120024160296843e-01
-1.971497517358076212e-01
1.305101860944738179e-01
1.611477938189184167e-01
-4.545231236002594821e-01
6.690626043447087667e-01
6.933227853968768617e-01
1.723872440114423421e-01
1.323841251639371053e-02
-7.362521658235463007e-02
4.326914122866315493e-03
7.732407102308689328e-01
-4.854048253576676714e-02
1.634492270399896530e-01
-4.853986702887693738e-01
-2.965043657004215460e-01
5.133780175480839869e-01
-2.807286312156371810e-01
-6.443739102719336920e-01
7.642844610180418163e-01
1.104355280841200215e-01
-6.590326948138376384e-01
-1.988756158603641883e-02
4.071308412170428492e-01
6.488753704637401087e-01
3.767425246952626483e-01
5.880521416635532406e-01
3.273096907135437106e-01
1.476119685184005270e-01
-7.632279958047187562e-02
7.218059647100795173e-01
-9.302824181824612126e-02
-3.892332205062722927e-01
7.499283978040379717e-01
4.445649193921120956e-02
-3.935530372373411412e-01
-1.485045829126868666e-02
1.185649111342873818e-01
-1.065171953800038152e-01
8.489471446211346861e-02
-1.319245613392063671e-02
4.280017370978537739e-01
-6.617508788376205153e-01
-8.807628521300905899e-02
6.665317191433678401e-01
4.005313884627125232e-01
1.564300555563855888e-01
5.009751630065493178e-01
5.151362249503426138e-01
-3.144071523510877930e-01
-1.281961283675968066e-01
8.952224299162117593e-02
-5.903366588830438744e-01
-4.079197973292709722e-01
1.024939983741757765e-01
-3.891234049653417570e-01
4.990781321135137616e-01
-3.718956213633176633e-01
-5.835514593470142453e-01
-1.059552112626392095e-01
-2.674106851116690997e-01
-4.165643284642163435e-02
-6.247483275490528509e-01
7.715379557971698832e-01
5.286188999031259383e-01
5.652109661557005449e-01
-2.319401758751601650e-01
-1.410608629547732695e-01
3.475248100969846599e-01
1.771397340147365662e-01
7.212353358243921431e-01
-5.212503663307102020e-01
