6.344621021473116906e-01
1.516458787686242871e-01
5.239653771480645705e-01
-3.463064586344540841e-01
-1.656011861047957529e-02
-6.808645963266768408e-01
3.429201350636450485e-01
1.302201948956134281e-01
1.106472618782244899e-02
-2.858472332060506549e-01
4.909199574628717033e-02
2.170855945673368093e-01
7.641814993849328774e-02
3.541474994475817262e-01
7.832654288901144124e-01
6.905015987720908299e-01
-1.845611004245563680e-01
-2.537722469050630522e-02
6.449373860564778793e-01
1.521188674925272877e-01
-6.239254285451227844e-01
-1.364817472668915510e-01
-9.190659383689087081e-02
3.122819130474569493e-01
-2.257100971668430101e-01
-3.380921413816529442e-01
9.123322588082066753e-02
-3.219112125520245948e-01
1.064548054566037821e-01
-7.523820918544614766e-01
5.697039220300337270e-01
-2.273550916221557805e-01
1.989444848841201152e-01
5.394475975993124894e-01
2.731568988399519227e-01
-5.412257843388352807e-01
-3.255257233715220799e-01
7.334795382530963359e-02
3.178650937512974423e-02
-3.862455079745490405e-01
6.025679290711848102e-02
5.737479221126084994e-01
5.611763956062237879e-02
7.686745732509937534e-01
-3.911219607009864818e-01
3.264174766312160081e-01
-2.668097455316314481e-01
-2.195695454918566436e-01
-5.720625025986405543e-01
2.604909083285187332e-01
1.266766582662586238e-01
-1.510965027710591269e-01
-2.994600192009480577e-01
1.220691419217367207e-02
-5.975144338422651996e-02
5.224297356070481957e-01
-2.514297449057151801e-01
5.221079015034776893e-02
-2.753902643741642509e-01
6.091162632911039099e-01
1.260679388304643822e-01
6.237856338706267989e-01
-5.849199319494362628e-03
5.369900318164358977e-01
-1.118290339099934083e-01
-6.801662025462974492e-01
-2.919588306708394976e-01
-2.324524227759347250e-01
3.004156558303271440e-01
5.253286975242692503e-01
-7.437469439640164159e-01
-5.189680124589539645e-01
6.775386762068774660e-02
1.100892116735154025e-02
-4.204529172285191851e-01
1.491503394517840753e-01
4.225342530788985251e-01
-4.054767034653435909e-01
2.432168743805352973e-01
5.289360915590900492e-01
1.123489177168135456e-01
-6.054545027275400892e-01
-3.251274406290824981e-01
5.008153486044790714e-01
-4.732288676079229317e-01
3.193230480489195333e-01
-5.215908814298231277e-01
1.243002804397930483e-01
5.925589578514466327e-01
-4.239744102604972031e-01
2.789247510780328287e-01
5.230683871103378735e-01
4.115557509168509265e-01
4.122890608368118270e-01
1.407553165423505726e-01
2.918767144950030756e-01
4.474646937899159904e-01
5.173124432954581131e-01
5.429148901553383366e-01
3.796500457938887796e-01
-7.077610878608896483e-01
1.037301526558015996e-01
-6.246339816582303639e-01
-4.119825759260363762e-01
1.956570184242239496e-01
4.135102164195250118e-01
-2.396288100564440693e-01
-3.627640941283423182e-01
2.093427965134474211e-03
3.214331151329022918e-01
6.674595225397369491e-01
-4.003966557811189375e-01
-3.922278949316240770e-01
3.104678848354344711e-03
-6.857695531047247606e-01
-5.677815172660600762e-01
-3.077535773799400798e-01
-4.310901392860020387e-01
4.188781893508477516e-01
-4.386674662564705729e-01
-5.176874650993184002e-01
-4.037255347253629889e-01
5.263536943694790970e-01
-7.606018692394724834e-01
-5.168871218673641854e-01
-2.366113599700557513e-02
1.332465690463316976e-01
-3.409773249322591293e-01
-5.298525765106464336e-01
-6.734385272581701054e-01
-1.992113568976976515e-02
-7.691804414831424630e-01
6.018933025703571138e-01
3.519330391687703341e-01
-2.059149452655961998e-01
4.225017915206709107e-01
1.953315699647088788e-01
-2.890725329597406135e-01
-4.328776614686382085e-01
3.942328940056717967e-01
-4.785397408165124600e-01
1.419354024997357411e-01
5.248974556456502683e-01
6.922987869451464604e-01
-7.061266889486335074e-01
5.892197157651546391e-01
-8.977006188804745324e-02
-2.475842976695207809e-01
5.701913693367446356e-01
-5.318014195228373264e-01
-3.248425577969268341e-01
-2.704233882787391852e-01
-4.911009483606314507e-01
4.797905489388866185e-01
2.990791207873516044e-01
-3.074618732608637717e-01
-4.991001961357345584e-02
3.928419633184455917e-02
-2.194554408139765822e-01
3.502295747560367212e-01
5.947150097110732725e-01
1.577390848157654846e-01
2.312323711594765907e-02
-3.522668820901901920e-01
5.197898658473359967e-01
5.230741574294703877e-01
-4.812694222605060079e-01
-3.813624134016648792e-01
-1.115090311068167583e-01
-4.763375526180593789e-01
-3.768679929597976708e-01
-3.740446206498607706e-01
-5.055679074596979294e-01
5.595234115296645605e-01
3.303887634529316664e-01
-3.144754733758978182e-01
3.726494498328420391e-01
3.821173032264214009e-01
8.795902023258661551e-02
-4.459979203248617408e-01
-1.530224828800868381e-02
-4.557494557167151017e-01
-5.302211747522278529e-01
2.549493915179423809e-01
2.375747423772019973e-01
4.463537987026051090e-01
-6.369216568158528879e-01
7.092665326843483609e-01
3.770947491909792393e-01
-5.977450445477774377e-01
-3.260502859021754407e-01
-4.318085807174355528e-01
3.525893178795350691e-01
4.749827729652261188e-01
1.242033437361404896e-01
-7.517155068490735115e-01
-4.078627135713331908e-01
5.179370703134111853e-01
-9.287173422704843306e-02
-2.298583266957022198e-01
5.110237738485744474e-01
-5.404366409074129463e-01
5.303206489009736069e-02
-7.762782836576342937e-01
6.497513077399290626e-01
-1.264407776728548316e-01
-6.848744610031338720e-01
-3.285464834514314481e-01
4.239298442608215312e-01
6.675696414274218116e-01
-4.846090352120513423e-01
-3.253781855402898548e-01
-2.734541104786013255e-02
5.449246251014787656e-01
5.073765380006274306e-01
-5.462548910529931856e-01
-8.387230905895508570e-01
2.560364179942650753e-01
-4.064406254608869395e-01
-4.854077451548809430e-01
-2.858258764509864491e-01
-1.293768297326996497e-01
8.310320353677307093e-02
-5.848494790101654850e-01
4.156808510791619171e-01
-2.040258184021634391e-02
-2.836268405932579340e-01
8.781663901933473015e-01
3.072882748226475336e-01
1.611166880427857551e-01
4.673419508693724828e-02
3.204060140858078221e-01
-6.369221618548864816e-02
-5.798690781647299897e-01
-5.178658360585972620e-01
1.710848555969502194e-01
5.729195448748057862e-01
5.727924777988863125e-01
-5.499924330484431412e-01
-5.656427352250388285e-01
9.312043685695775563e-02
-7.114256179120501677e-01
1.778315422554038738e-01
5.083773586053035309e-01
-7.192995440099155813e-01
-5.834097461917043814e-01
2.628705955669445871e-01
6.898398965401125738e-01
-3.805063360354702384e-01
-6.990929300559380055e-02
4.307350587397025254e-01
-5.953021471836318634e-02
-2.898303440086430482e-01
5.921853798791218981e-01
3.695613521677382773e-01
-6.961199407456510890e-01
-5.062819436597468803e-01
-6.219391972513133027e-01
1.773177523991957896e-02
6.057419020517871289e-01
5.112313772957053359e-01
2.293173771652627368e-01
6.983563340441288902e-01
1.043316559125023607e-01
1.548603603155346842e-01
