7.627254644279884976e-02
-6.889513024515328543e-02
4.308159552580739793e-01
-4.500256213489818302e-01
1.853239492096690477e-01
-7.076539386543234667e-01
8.959434934097472158e-01
2.320970337815826678e-01
-4.927221949829135306e-01
-7.652770110561944727e-03
-1.184814717274183804e-01
-6.362866260233897009e-01
-4.649050367395006766e-01
-4.426483976878010096e-01
-4.228563090950421266e-01
-3.055953025520968813e-02
-1.886655823700645884e-01
-7.531927533323065638e-02
-2.606549439327148221e-01
-2.755175662054882846e-01
-4.754172782743792958e-02
-3.338940376280324918e-01
-5.088779056485145391e-01
-5.666103621718027172e-01
-3.560198146894545945e-01
-7.098771352297438275e-01
1.562917804671613287e-01
5.263069285685723075e-01
4.422123593220137483e-01
4.740540277853566020e-01
-4.196006628630005730e-01
7.355422195658850582e-02
1.469281612395725856e-01
-2.651581985343628989e-01
-1.073622787793252764e-01
6.698838866975553863e-01
-5.611029601407316880e-01
-1.707262398599130593e-01
-5.538739540390329452e-01
-5.403724064516886028e-01
-1.463457033937953788e-01
2.546049642087213627e-01
-5.474133431303924713e-01
2.233861402921611949e-01
2.246646982591615771e-01
-1.511237040400150167e-01
1.525762789591310065e-01
5.643677945623362113e-01
-1.781481706137391097e-01
3.781308642123291097e-01
-6.241742952216370321e-01
6.274314530256379641e-01
7.494682270803554314e-02
2.251372312331844094e-01
-5.417275082310510914e-01
-5.963441323335406247e-02
-4.143978205107321511e-01
-7.449142365606928884e-01
6.351128261968290722e-01
6.165704625169997621e-01
1.764469401567636542e-01
-6.905951174090170230e-01
-4.084423893864778110e-01
9.895989666057039558e-02
1.997913188334364820e-01
-3.711637846102186500e-02
-1.034207703577814108e-01
8.615142384843281487e-02
-7.794735785940883899e-01
-4.502728265722110712e-01
-6.212594648935849673e-01
-4.980019193328770466e-02
4.791908723489775035e-01
-5.783575263893661056e-01
4.795739748168978411e-01
1.114519854309660163e-01
-5.869562441414949427e-01
4.651229315040740497e-02
-4.962365741746080916e-01
5.331516430103524495e-01
-2.935825919633597292e-01
-1.864562816394007005e-01
-2.270510699216648220e-01
1.899487133848895282e-01
4.623283143979367571e-01
6.658403346840979786e-01
-2.945231809075347651e-01
3.171565697941491901e-01
3.829891666618859269e-03
-5.163547135513428810e-01
-2.954327313107640296e-01
3.691558139778349790e-01
-1.764749253687975250e-01
-9.834745643116375030e-03
6.583815566216504322e-01
-1.608254938140448731e-01
6.663091336879835118e-03
5.461968816499267465e-01
5.655903512589968152e-01
5.291451220104912423e-01
-5.072787603930776212e-01
2.024627499043745171e-01
3.323184045201247327e-01
4.816593873155748384e-01
-3.268758000321156931e-01
3.327920223287242907e-01
-5.292497197064716108e-01
3.920339852109849810e-01
-1.720865313247124384e-01
8.589705987613941440e-01
4.807033635310114517e-01
-4.706942584495494852e-01
-2.741975556110389789e-01
1.352343418513891060e-01
-8.005125350129195239e-01
-6.479929461335115493e-01
2.847716522395177599e-02
-7.166267813095850148e-01
5.171908730629756201e-01
3.192378603980479679e-01
-3.547458794046836478e-02
1.271341811365235830e-01
5.874928994869377252e-01
-2.042758545363401179e-01
1.249269602671850971e-01
-7.273795319330280673e-01
2.289102912728094574e-01
2.312753447393879891e-01
3.093133098209864817e-01
-3.753561788851236258e-01
7.286035409688818021e-01
2.260225634744079393e-01
6.701821766700362115e-01
-1.588589904779322270e-01
2.373031342037679181e-01
-8.162166282430641240e-02
4.295221998166099953e-01
1.224637942131407142e-01
-9.894315883522979138e-02
8.592821464407492948e-01
2.171390193162813301e-02
5.069865159369297825e-01
3.490560055865655764e-01
5.190114199356317126e-01
-6.849206701487083049e-02
2.577818764536513596e-01
-4.746873884488938544e-01
-4.119915926479775226e-01
-1.022056503603334388e-02
-3.570306389823317827e-01
2.028796045495450673e-01
-2.390721352406219857e-01
-6.236486864142798403e-01
1.398251598467523671e-01
3.668497087271082036e-01
3.127903530475378280e-01
2.400296481304756702e-01
7.574784128432219266e-01
-2.490843411349785708e-01
-7.648319014288794682e-01
-6.852423437166732523e-01
-4.283597898637898638e-01
7.520957386633883024e-01
1.571208986609165525e-01
2.070874826078007713e-01
-3.391525305231673504e-01
2.779824016996015890e-01
-1.798548163254323207e-01
4.681373304207021580e-01
-2.202080944912293281e-01
-9.562538107391835851e-01
2.326341619235054725e-01
-4.222730218012700210e-01
2.330707740340926537e-01
5.982917022247100647e-01
5.354021270502533625e-01
-3.948878083033963149e-01
-6.424193617908223741e-01
4.092289240685600266e-02
-3.282022373135934368e-01
7.979606925272251239e-01
-8.074791282522632008e-01
6.168571738866546195e-01
-2.080644745911704729e-01
7.342530112288405686e-01
1.383884455047249551e-01
-3.915762758060748472e-01
3.320157208377234048e-01
-4.916685330496484152e-01
-5.581538173393196800e-01
1.295505837304895269e-01
5.818639628479822801e-02
1.579819162208514483e-01
-1.150025591370569533e-01
5.478388376894766099e-01
8.056842998476089479e-02
-2.974380340548554713e-01
-2.829104966379443753e-01
2.723133550127602165e-01
1.559906998955935264e-01
-4.136284451330902168e-01
-7.684301650194952371e-01
4.081630814186695266e-01
2.687373509984321007e-01
4.594272954875132098e-01
1.816157036113496270e-01
4.379163195429179312e-01
-5.932977210983285676e-01
2.884866287001744967e-01
2.441731846306235965e-03
-2.076562683837591405e-01
-2.181508069818114404e-01
-2.870111977371757606e-01
-1.884760695175161094e-01
8.452429190037560325e-01
-3.301430993138481512e-02
2.094029110121150422e-02
-5.581528497696705005e-01
-3.937580719015949526e-01
1.502819704778673715e-01
-1.465323417847236853e-01
2.391956656010191529e-01
5.277236923884132125e-01
2.080510242106349272e-01
3.374026848544973145e-01
4.218423079205664283e-01
5.043177597010227720e-01
6.333507827769948584e-01
6.080881875006605153e-01
-3.387766348015148754e-01
-3.003563880177271272e-01
-4.334207660490955322e-02
4.751721219218935088e-01
4.103446964426325505e-01
3.212191679533199506e-01
-6.063023344268126946e-01
-5.277899928973659449e-01
-3.526488430624862697e-02
3.741984118336737497e-01
-8.267651700044114094e-01
7.816155917016869015e-02
7.021819512555815823e-01
-2.976025858072126606e-01
6.270076772235895213e-01
6.997388833745676884e-01
-6.445551180841417871e-01
4.815217585993063210e-02
-5.222937550473154555e-01
-6.094959702213382791e-01
3.973406042902020152e-01
9.337325455544312480e-02
1.824267880585938861e-01
3.359552873233722647e-01
4.077539418965800966e-01
2.924027354484487473e-01
5.220613545257686283e-01
-5.104386771006345080e-01
-3.937546508516557298e-01
-6.282620522145128117e-01
2.650918437997080712e-01
-5.869478304838267047e-01
-3.330581112123028320e-01
3.115114128302842733e-02
-1.717230819063261249e-01
6.131156173473374660e-02
