2.208874627784677414e-01
-1.757522538672640078e-01
1.451023653956147186e-01
-1.344083475506786113e-03
-8.029620833000318536e-02
-5.566184518124104308e-01
4.335665933544529671e-01
2.999312101325238289e-01
-5.819697570941643194e-01
-4.679360826145166630e-02
2.972829100764675103e-01
-3.382300099505457514e-01
4.178723281921864485e-01
5.096980636972313627e-01
-9.777795449241498404e-02
-3.120498312221182680e-01
-2.776848276225721279e-02
-3.436660702218636843e-01
4.818423208924628720e-01
-3.393710559476487698e-01
-1.358194440321174312e-01
-2.779325847422673412e-01
1.021827477714424975e-01
1.971563207301694765e-01
1.447395461897618141e-01
4.321743833125566425e-01
-1.027289430012775506e-01
-7.880005920380526996e-02
-5.635644186075605688e-02
1.177923126530846520e-01
-1.507279854518681350e-01
-8.331298361007360986e-02
4.387307138325110545e-01
5.242486374703402702e-02
1.743346097851416476e-01
-1.522652958329324124e-01
-6.461402224296797225e-01
-3.744959376257038230e-01
-1.993214718572145494e-01
3.313905985748235583e-01
-3.264204915768039728e-01
3.950289744630305355e-01
-3.194040494415305992e-02
1.262997786811909662e-01
3.172540363632962990e-01
-7.086707314402418412e-02
5.189894572656931215e-01
-7.281836167669081261e-01
4.024796605639484048e-01
-4.474006975871449437e-02
2.738417459951146826e-01
1.773384602617702199e-01
9.915228031949542553e-02
-2.292839081480629870e-01
-3.599449520706019534e-01
1.392532469763557157e-01
9.797546012496996526e-02
2.476112547071275816e-01
7.677613181450621688e-03
-3.659514978831500398e-02
-2.074131561541944779e-01
-6.044965588120386479e-02
-9.733255545162036726e-02
5.880658729761436554e-01
2.593208313381572538e-01
2.092914686093847454e-01
-1.533313098862832957e-01
1.756278618857803620e-01
-5.659369656554136263e-01
3.130201904746162667e-01
6.329164835544653922e-01
4.282241924464202931e-01
4.152704787025590649e-01
-7.296988146476958148e-01
-8.214319081029260172e-02
1.996893882072435511e-03
6.461505563329259516e-01
3.075357799136308468e-01
-3.978639882640491177e-01
3.371967695152618960e-01
-8.903194958913777934e-03
-3.900177442485514567e-01
-3.636748523940144251e-01
-8.061757224612237788e-04
-4.116068712617639291e-01
5.721287368034334575e-01
-2.948209729236172527e-01
1.979886010963829435e-01
4.511031579564196425e-01
-4.590069451459181660e-01
1.230291043850149091e-01
-2.462277468185529172e-01
2.276075026625336561e-01
-3.236671905986440168e-01
1.595958639322994366e-01
6.373854932256437511e-01
-5.641501704710620846e-01
-5.320141617708849108e-02
-1.881190495390464845e-01
2.055853817737191697e-02
2.782970338457095849e-01
1.714110431903614340e-01
4.582022834499331898e-01
-4.312285587540715115e-01
-1.827878390640934325e-01
3.267867247060433078e-01
1.399177372124189300e-01
3.079689311493528647e-01
1.965056234161642323e-01
6.396288775152756401e-01
-2.742546296113246851e-01
-1.995591790478987160e-01
-2.017636310692528384e-02
2.834312474013875316e-01
1.147090569519608610e-01
-2.014705155178959373e-01
3.910148164554800854e-01
-3.310531762587153870e-01
5.684262221832060424e-01
-2.848167636095420008e-01
5.048657165821991422e-01
9.259667955967518238e-02
-4.620164656386935298e-01
1.508523953494256276e-02
3.437231446166639226e-01
-2.541916866018970600e-01
2.708578273184443774e-01
3.714767112604368954e-02
-1.951378670843818275e-01
-2.009703423431756231e-01
4.800507711677313716e-01
-1.335143703567892026e-01
-8.700243725092239588e-02
1.034366638497692323e-02
1.737431906132375081e-01
-5.485435380088322238e-03
4.034510344255164971e-01
2.615831704791068968e-01
-1.298130292558433707e-01
-5.874569057878686884e-01
4.540484771978835488e-01
-3.058255123314151946e-01
-3.012171709147086762e-01
7.675743031505597447e-01
1.426139322488801375e-01
2.808082249050982693e-01
3.522757765443743638e-01
4.905845711511797602e-01
-1.003739311653728122e-01
-2.197338508431236903e-01
-5.379541125197442875e-02
2.088841179378517487e-01
6.202348363361172012e-01
4.656378473040094779e-01
-1.715147882128048584e-01
9.920200327308698052e-02
7.016106794173639083e-02
-4.360951655383115133e-01
3.857156662718740359e-01
-2.090762562884837250e-01
-7.189539780725331952e-02
-1.875533001827694446e-01
1.189554828055646718e-01
-2.214518086330579394e-01
-4.107602048152458885e-01
1.248064316124077866e-01
-2.071274100173487454e-01
1.365841113428836462e-01
9.678773139675414527e-02
-1.807261669614165234e-01
1.261403914577770846e-01
4.789042264350604761e-01
-4.652577974759875001e-01
-2.614010498938032501e-01
-9.616787289630958357e-02
-7.196611739118384532e-02
1.587213356991896140e-01
1.986034746722337152e-01
-8.478530137606571371e-02
9.860011182103538274e-02
-2.082268778722255048e-02
2.781505801529360888e-01
-1.918422096785984965e-01
2.922249249426067119e-01
-1.639287414363664319e-01
-1.678081411910093412e-01
2.335385858634262957e-01
3.443985903144226590e-01
-1.675126993256513819e-01
2.361901462381770234e-01
1.297421563565590019e-01
-2.088791809127751309e-01
-4.257642097717661070e-03
1.155684944451004642e-01
-2.520635787898983793e-01
2.449330047760842621e-01
2.099658032279634878e-01
1.880611575204328423e-01
-2.555318455494243746e-01
-3.039965292664494334e-01
-4.459171064031742793e-01
-6.900220624317278117e-01
3.977161636945577561e-01
-2.883283164693983269e-01
-1.451117145727081059e-01
-4.191417472736611582e-01
2.493466620563015712e-01
-7.257410997532420804e-02
1.341484675528179793e-01
-2.842594649011950247e-01
-3.623790903173413902e-01
9.184280964111276452e-03
6.870792647156060973e-01
3.201856764937877076e-02
4.544706249907695117e-01
-1.216459396641426105e-01
-1.340646399838527347e-01
-5.779502635875005678e-01
1.263253602564083367e-01
4.374952399655184787e-01
2.170918839232488518e-01
3.036779940591122218e-01
4.934891265512747482e-01
-1.095142809480749435e-01
-4.310991215157058409e-01
1.667040184580699247e-01
-5.474385444100817733e-01
4.635834091836232296e-01
3.376072844013728452e-02
1.600519525720661418e-01
-7.604392718659215289e-01
7.811570243151459980e-01
1.318541706240722033e-01
1.854397370819690360e-01
4.485490822739117145e-01
-2.480426500319456440e-01
2.189929513695534624e-01
3.753639408067648842e-01
3.559078450177777242e-01
3.175709740329154540e-01
-3.199766572639035633e-01
2.982935090362567321e-01
1.235697196120147112e-01
1.109785803862437248e-01
4.915228412610797570e-01
2.578739891111999638e-01
-6.337372031250991800e-01
7.670971279470198412e-02
-3.032664493008543904e-01
2.761682665896948718e-02
-1.319674910842814353e-01
2.172413627931858437e-01
-3.629523071130457135e-01
3.580938544772731547e-01
-5.286434513899137405e-02
2.907409766456297007e-01
-2.163786917350488392e-01
1.848970341766667247e-01
7.391846654503193836e-02
6.196508649032016897e-02
-3.926778549996224887e-01
-1.140184798606302535e-01
1.874283766232602844e-01
2.899848842830137774e-01
-1.636467052844599590e-01
